2.272163921238347095e-01
7.508072179305227412e-01
2.018594996546826115e-01
-2.014925489418825932e-01
9.553808791379053700e-02
-2.659093161418692175e-02
-4.140425874891027758e-01
-2.084063590026285495e-01
-2.452572467299014014e-01
-7.590287323161114541e-01
6.172656851586773019e-01
-3.990131176603384233e-02
3.346716151441199161e-01
4.577089114147424587e-01
6.908267683851219976e-02
1.198505952272616026e-02
1.266331431351714054e-01
-4.527564016981225348e-01
1.290121860409575161e-01
-3.209408513011598879e-02
2.118350639480465550e-02
4.835020835385853699e-01
4.613660793026990170e-01
-5.382841037605804457e-01
2.322518964102669725e-01
3.623071196169808106e-01
-3.478225532280124210e-02
-3.799978744805114217e-01
1.392235216077286064e-01
-1.474114473261998737e-01
3.493163877417768681e-01
4.626833587060402153e-01
-7.420790285428269240e-01
-8.141770276054002831e-02
2.076252762031254376e-02
2.271922300711031739e-01
1.401901811391628172e-01
-3.916450092977776798e-01
5.212717950027938585e-01
7.800113603052228894e-01
7.052450781546463210e-01
-6.721509521032505985e-01
5.690246351802127345e-01
2.980396107675841733e-01
4.493847567008280586e-01
8.305643496023200623e-01
3.184389625315138250e-01
-1.641889063039042862e-01
3.910655203781767120e-01
-3.005108300402253296e-01
1.277816792952898850e-01
-9.193432957944425166e-02
7.150333502723307255e-01
-3.838624668224789871e-01
-8.641545817222977544e-01
3.789467618448816993e-02
-3.990136718503308755e-01
-5.876572496574886673e-01
8.945812853724771641e-02
5.529766473523862746e-01
-1.164754671242280437e-01
3.730794687263520037e-01
1.630516421932735327e-01
3.950782973754242144e-01
1.446128217627229706e-01
-3.025066288261935021e-01
3.590484323433335012e-01
2.928854050318349111e-01
6.638576526928787747e-01
2.578240130976873212e-01
4.532886273513689890e-01
-4.241949194144803981e-01
6.397165810887953663e-01
3.607633641528303070e-02
4.065605230415791915e-01
-2.349885123134442741e-02
-4.900258513292781171e-01
3.224324747358756627e-01
5.843519045118639177e-01
7.552884298385139639e-01
-4.905339955788541074e-03
4.262866634236250341e-01
-2.028717439725108984e-01
1.829680200494782083e-01
-1.452166221220896059e-01
-4.995392522396741031e-01
5.722573608309392684e-02
-3.055209463610978338e-01
-3.079355860322653959e-01
3.914605927033686927e-01
-1.692806035887708394e-01
-5.638244927806038698e-01
-7.387053434631862814e-02
-1.199009836242511812e-01
-3.159834786012167274e-01
2.994934155460416969e-01
5.120189578415135223e-01
3.139710866821512347e-01
-3.033239479484272638e-01
-4.207481125974166791e-01
-4.808749200396811307e-01
-6.124504412958905464e-01
-1.059740853120944362e-02
2.588595759943658203e-01
-2.003045800517575803e-01
-4.646638268736722616e-02
-3.291771071686097061e-01
2.342605076598502645e-01
-3.767685776039243484e-01
4.762101400941627927e-01
5.058457844020407546e-01
1.432315708858720171e-01
8.061602026366625484e-01
1.876634616489372964e-01
8.736720697064350727e-01
-4.730390218297622074e-01
-1.796292298380385566e-01
-1.227308110739121355e-01
-3.250152320896589897e-01
-3.148873450539980134e-01
-3.246686625296129058e-01
-3.178842070667229902e-01
-2.551958885757787399e-01
-4.578459714840723005e-01
-4.829756800220942892e-01
2.874538271171540038e-01
2.237743356347651202e-01
5.479153702406509563e-01
5.270304217232357064e-02
1.591867658903168836e-01
-4.317768030526686340e-01
-2.178358863972319759e-01
4.344378959190964284e-01
5.036244485927583447e-01
-6.321902991325548671e-01
-2.783027343050852309e-01
-2.234066811056666380e-01
-4.376426002615574906e-01
8.062124960148060737e-02
-5.318299778824283619e-01
1.565889048290426688e-01
5.615390388256128462e-01
6.018189891140340170e-02
-2.206613478536942896e-01
1.938469530498440896e-01
-2.817935581028548353e-01
2.160786224955112689e-01
1.868379985439836966e-01
-5.234085130930620222e-01
-2.191547881266170117e-01
1.356053608227880680e-01
8.672464778972056865e-02
-5.479126243367842333e-03
-1.017403077263763500e-01
3.796494963194696481e-01
-4.994563929567342186e-01
4.259129676555669652e-01
5.155527050289943070e-02
-2.487837364809352553e-03
-8.130779648486730765e-03
1.954577077017648212e-01
-2.101545543061717203e-01
8.067565112056918064e-02
2.617682847956178671e-01
2.495477194144770372e-01
3.069812660305344387e-01
-3.529097110249007074e-01
5.751082123180212280e-01
5.181143991984127339e-01
4.571305101093059431e-01
3.440443441149960146e-01
-1.402706567540969451e-01
-1.553615363313739887e-02
-2.697204869297403079e-02
7.578552387477803520e-02
4.516290244384630892e-01
-1.116023819913910566e-02
2.648335573336713655e-01
-6.361077952936539104e-02
7.883691530702051642e-01
-4.342876153903737491e-01
4.511307153231341460e-01
4.637268218160878752e-01
3.606182261755754292e-01
-1.084032684632695726e-01
3.259377974934675182e-01
7.230593214213260067e-02
-4.350295796560638695e-01
2.280899917076801564e-01
-7.875171828220886017e-01
-3.378044130178016746e-01
9.898832405946697902e-03
-2.077527638615573602e-01
-4.615777449531060506e-01
-2.453019389171496589e-01
4.768869571566011212e-01
-3.198653501277011757e-01
-3.567578275280169908e-01
2.031459940423955002e-01
1.369735147286606225e-01
5.611827831468682581e-02
-1.901707929170941003e-01
-3.334534991993242659e-01
3.272175702074912179e-02
-2.282052267844436599e-01
-3.581549298834716399e-01
-7.384723874484194761e-02
2.721817984907882737e-01
4.256819873861117376e-01
2.119228793611367678e-02
-8.842661896459026727e-02
-1.738020097856353419e-01
6.183874158858388564e-02
3.295512228755921869e-01
4.396049182292745966e-02
-4.061893074456127684e-01
-4.650574793732213386e-01
3.073318625204252835e-02
1.282877874437137466e-01
-3.973178089493036302e-01
1.547230534659382317e-01
-4.618954259773013771e-01
1.751862726877707610e-01
-1.341065220339045794e-01
-1.134761888168948074e-01
-9.255141500581007263e-02
1.726638583690791040e-01
-7.511586438761765905e-01
1.712011226058328742e-02
7.766791001817921480e-02
2.155387515562361689e-01
-9.719065180838267759e-01
-2.988485118892801259e-02
3.427196347224480966e-01
2.603835768346233759e-01
1.467866965327541406e-01
2.273371838843859516e-01
2.605579432526631059e-02
5.025503199944518773e-01
-2.699067317863087512e-01
-2.145421307386538301e-01
-4.789718661727851434e-01
-1.045573799471028048e-01
2.540874534958468059e-02
1.167437520316037675e-01
-4.741397275167723024e-01
2.345839372935315525e-01
6.506307622878643171e-02
-5.229700138741851800e-01
-5.186757857481375522e-01
-2.764273980213281523e-01
-2.046179072388925324e-01
8.370760724472989245e-02
-5.062938647129618802e-02
-4.229569816838544827e-01
-2.711649596161839759e-01
5.155424715601343300e-01
3.523241024136536392e-01
-1.496369592157330841e-01
1.317987075235852457e-01
-2.703551955539608420e-02
2.415252773017192434e-01
1.910117500135150859e-01
-8.734321420557270010e-02
-3.073654576618427559e-01
-1.809697703070337893e-01
-3.756950879577505148e-02
-2.175416283247741944e-01
6.947397547355945724e-01
-4.605546243435535980e-01
4.990045430260569570e-01
4.171369299412735349e-02
-5.164354778033360960e-01
4.018407079873089205e-01
-5.519982521033266476e-01
2.094739820542838304e-01
-4.159056663864599268e-01
-1.927212510107173260e-01
-2.425601775595966347e-01
-2.230004146233039442e-01
-3.457851617688825069e-02
-3.605981510308794991e-01
3.079714318747446833e-01
-3.693368285886163699e-02
2.775804657291187638e-01
2.348552170680161255e-01
2.091469390940909057e-01
-4.238315745963258108e-01
7.320487477894430106e-02
2.973261810378069470e-01
-2.971607544810494494e-01
-1.902380223204591936e-01
-5.023490326753832225e-01
4.213289306614260710e-01
-5.949105319590866636e-02
6.762128947108034423e-03
-4.234699710824186836e-01
-1.012774235275372553e-01
4.920749824438218067e-01
3.534189203226897891e-02
-4.914391229793392546e-02
3.439168438199290967e-01
2.976579223154144915e-01
1.124776461621923157e-01
7.739348740640519253e-01
-9.441620694547901704e-02
-6.637871229245793092e-01
-9.184571189961553139e-02
-3.509569372205457727e-01
-3.696165050474117253e-01
3.561217607786327788e-01
8.414959191681491146e-02
-3.956406539005236644e-01
-1.141335271686006042e-01
2.093868551576587023e-01
-2.150629940233851900e-01
2.319780794321451567e-01
2.939319980480140648e-01
2.726541044431846084e-01
4.070423009226239452e-01
-2.912495735729259128e-01
-4.335455458567102349e-01
2.936446822859318795e-01
2.283990139066215119e-01
2.610035430981844096e-01
5.963504932998708874e-02
5.330887994583984879e-01
1.000424443760768167e-02
2.597584398375510362e-01
1.307335133151988904e-01
4.640122173909221326e-01
-2.138081832058421616e-01
4.412517824257920496e-01
5.935199941573845450e-01
-4.397235385625618276e-02
1.006941671537845209e-02
-3.822471722008039530e-01
7.061647070783499958e-01
4.027833477138211271e-01
-6.548314118051856703e-01
-6.281801747626361010e-01
3.846501985535855650e-01
1.823351231211761680e-01
2.234323713410532875e-01
1.347203391310947407e-01
5.794818308026696840e-01
-3.165416128028215176e-02
2.789995635234737703e-02
4.996590181730006242e-01
-3.684458060852281447e-01
-2.244208378392844976e-03
-3.874673663217463870e-01
4.038458862065921195e-01
-1.274619513552036343e-01
-2.288110284177909681e-01
-4.650456674872576746e-01
9.195404233126505678e-02
1.866695023758515037e-01
-2.462937301114128674e-01
4.913331508763695843e-01
1.823175288546111661e-01
1.145887636703490225e-01
4.624267323407385000e-01
1.202805633062835333e-01
3.171609863531615198e-02
1.397796702124197155e-01
7.315408513734711349e-02
1.630586643331642660e-01
-6.661609011975099248e-01
-5.009260040368124223e-01
5.037688113980188787e-01
2.951525264405323590e-01
1.682204527293325036e-01
-1.309655835760328291e-01
-5.536545388029612269e-01
-2.166202969281723067e-01
-5.403493240710360856e-02
-4.836305849446355110e-01
-6.239034226137560868e-01
-9.240060949276709783e-04
-4.652843262620352527e-01
-2.811704332342473966e-01
-7.109528759906270923e-02
-1.884693651815450011e-02
-1.516388338278441827e-01
3.051458474622577577e-01
3.743934331149366690e-01
-6.955913340616700635e-01
-5.011034124059621231e-01
4.488553002360191058e-01
1.126604491541331465e-01
9.131759981755958877e-02
-8.931228294399524981e-02
7.510947103711638206e-01
5.181430750956678155e-01
-4.704570942090313679e-02
-5.151070604410737941e-01
-5.084865699354697982e-02
1.830991152138971290e-01
-2.594628960855897559e-01
1.295516663315984113e-02
-1.665093906635632393e-01
3.094969140293257204e-01
8.637846623254077372e-01
6.049825388713339080e-01
9.752299101611539012e-01
1.553459066122104826e+00
1.039300227372092600e+00
6.543306006708732303e-01
-2.440709259181192969e-01
-4.918536408100195045e-02
-2.273978432228716540e-01
-5.164505577687904525e-01
-1.013467784848994135e+00
-1.240176755904071726e+00
-1.427014084765564794e+00
-5.344988446020640938e-01
-6.678598782285130042e-01
-4.261576864343998849e-01
-4.889313492453911669e-01
6.535565825648730343e-01
-6.879002829000052666e-02
9.461127868851368916e-01
1.325384607232408474e+00
9.644681429214276847e-01
1.193877754948240000e+00
5.585134827256398315e-01
9.537673824098534814e-01
-1.441251296123113868e-02
3.839506464403178443e-01
-3.190446619530842298e-01
-7.695380591980010010e-01
-1.690710126230412502e-01
-1.118066680132106194e+00
-1.110584853066292066e+00
-4.894641273346934662e-01
-1.002176827209788845e+00
-2.135025112460890995e-01
-1.094604607260480478e+00
-8.615425157873169981e-01
-3.178699537294432664e-01
3.951638234090746882e-01
1.249886947493305200e+00
1.100603617582292637e+00
7.774373158516292293e-01
8.275971988718388017e-01
1.015598127574035781e+00
5.729682796762438635e-01
9.335580468033783941e-01
4.445938328621185098e-01
-4.415638908141562569e-01
-8.719671836042477975e-02
-1.409760859698159230e-01
-8.613469199465959569e-01
-1.181402365936817134e+00
-1.185361425459688256e+00
-1.025825130388414719e+00
-6.099032048699796205e-01
-2.226445592172821564e-01
-1.003892862376502548e-01
3.364248867946612598e-01
5.372549181954017206e-02
-6.639509524565112564e-02
7.728331205659291214e-01
1.396548003895723422e+00
7.124933069867072088e-01
6.196947131342472881e-01
1.369214104589705494e+00
1.531787230886761719e+00
4.111418894393943368e-01
1.926077702380400436e-01
-4.745269009180097530e-01
-7.008769166101956882e-01
-1.272878638524420403e+00
-1.277601799787657200e+00
-9.175868940439950716e-01
-6.550327701719151907e-01
-6.647644528178963119e-01
-8.764204826425927575e-01
-5.731630778820129279e-01
-7.532755332297863538e-02
9.078978623545110871e-01
1.026446972856360995e+00
6.676289642475389252e-01
1.527902493707442133e+00
1.186727280448276245e+00
3.672107834963193040e-01
1.040770604870383309e+00
7.170565803714324948e-01
4.787304759402714605e-01
1.555125196825869402e-02
-2.004715817369639996e-01
-7.576526965633989530e-02
-1.464692678549674110e+00
-8.164175746158480740e-01
-1.303780717943627154e+00
-9.561280276402714939e-01
-1.053853823464689254e+00
-6.932589813777587651e-01
-1.352957404544851416e-01
-4.628111302454031573e-01
4.380132521675256241e-01
6.616710239596359511e-01
7.408337193537356535e-01
8.818472532100651851e-02
6.148695864872075756e-01
5.294718270743743460e-01
8.165586748920442561e-01
1.289521481450947693e+00
4.946608598931228062e-01
1.498452970793345829e-03
-2.536966632057718329e-01
-3.670527086268698391e-01
-7.612768534553898681e-01
-1.025438639968356158e+00
-1.221882631951249243e+00
-5.900019820414661442e-01
-4.834609739888945379e-01
-9.004912776969347110e-01
-4.730673538730920114e-01
1.737012683550156755e-01
2.090680404315402030e-01
1.061766323670966017e+00
4.999529333022053046e-01
1.007530626652497929e+00
9.681594258871738523e-01
1.706922647886040201e+00
5.740390019437385805e-01
2.631470453118018860e-01
1.220768649186067256e-01
3.283944443087243314e-01
-3.134997643771381126e-01
-3.031889309458400961e-01
-8.654245181935734665e-01
-1.916698143542234778e-01
-8.031989868026362389e-01
-8.141456982255029784e-01
-9.688835975558012237e-01
-6.785992861283113298e-01
1.929562608132729395e-01
2.843925426180942684e-01
6.069166476737828386e-01
-1.525656928685616975e-01
1.224073111623315890e+00
7.935325831989064049e-01
1.871444664332233554e+00
4.919942960018102163e-01
6.018994986551697846e-01
4.926804996816594451e-01
2.779240572620973460e-01
-5.644220274809843563e-01
-2.311194528820058047e-01
-7.032428492490763183e-01
-9.913341692310768671e-01
-1.396748108256004484e+00
-1.003631902837010204e+00
-7.735831456693786912e-01
-2.898017854417230810e-01
-8.090036759531469279e-01
1.033761474469052644e-02
1.639372628669491794e-01
3.573133926020610751e-01
1.425514761777131767e+00
8.801076165304813070e-01
8.145184352558468843e-01
1.463120976462688461e+00
7.698787716061543662e-01
5.083951955822070268e-01
6.626913395797370265e-01
7.193209449542230516e-01
7.183567604795702000e-01
-5.465200598230826046e-01
-3.259270765280483095e-01
-1.099253530416392621e+00
-7.394716780232272191e-01
-7.377008752299631933e-01
-7.024308200573942118e-01
-1.043633884075059859e+00
-5.179871707418697291e-01
-3.000905215516841973e-01
3.028373139731880825e-01
5.039905044329449080e-01
1.388001655938677081e-01
1.359238458307851394e+00
5.099739962442123575e-01
9.534742156366221577e-01
8.121801471029703734e-01
5.034376394026565116e-01
6.350710400640791065e-01
3.551095623773100063e-01
5.386550600747176398e-01
-7.285401435497118605e-02
-2.604899580618549870e-01
-4.642198941289646386e-01
-5.051120776941723234e-01
-1.630500393049073793e+00
-3.164021146529871764e-01
-8.497170252967913839e-01
-1.198333561520395385e+00
-2.430211956664670714e-01
-1.158919567013539653e-01
1.071153403425771700e+00
1.553834832427676282e+00
9.343250694029628933e-01
1.357903649532523627e+00
1.411181727906273498e+00
1.817261523750613117e+00
1.391369817809106291e+00
1.468886393249320577e+00
1.472469797955862525e+00
4.994875162576433714e-01
1.079512572513917412e+00
1.535072433915503909e-01
3.094431515334224447e-01
-2.875800523217596494e-01
-5.381043453844815971e-01
5.095489338951880720e-02
3.125982482267978257e-01
2.902510214689800194e-01
5.431731220246279745e-01
4.704534777365417253e-01
1.483449404078987843e+00
1.756481279899754000e+00
1.928825092211909453e+00
2.404793919934464785e+00
2.666666936364745055e+00
1.736881228642407793e+00
1.649794211469076899e+00
1.403230702011249775e+00
1.709791010502146325e+00
7.534785005442621308e-01
3.639014421700041968e-01
-1.464635907866452258e-01
-3.988617554708239754e-01
-9.760335787757841441e-02
5.322544453174929413e-02
-2.318773161391026738e-01
1.294871391593034327e-01
-2.621209090838709788e-01
2.529539528389802006e-01
8.201874284909214108e-01
1.211901225411885719e+00
1.055057940963333607e+00
1.219688807896723404e+00
1.852408616585030421e+00
1.436953722593340199e+00
1.255012770795729260e+00
9.300603170169382539e-01
1.168826341480022180e+00
1.318531152609549340e+00
-6.487105295148328787e-01
-4.390359263177061044e-01
-4.620568927334228193e-01
-1.261251086982840164e+00
-1.149328495775251424e+00
-4.820527372564554769e-01
-6.736028992794564907e-01
-1.167950003481595944e+00
-6.392104445156482351e-01
-1.492842063306868861e+00
-7.513735264869689789e-01
-5.836496318083363999e-01
-4.369522100769381856e-01
8.852882141283094364e-02
3.692587831717394908e-01
-7.479967558051270338e-02
-6.356437896530708898e-02
3.861305021801993143e-02
-8.249335969057960405e-01
-2.827696994478067216e-01
-1.062984416417050104e+00
-7.986935914575590267e-01
-1.368256206044620393e+00
-1.497127775431465357e+00
-1.814795035226186126e+00
-1.903500267865028350e+00
-1.770063402233791106e+00
-2.022904804005785540e+00
-1.505476396007449535e+00
-9.805732203821293513e-01
-9.729997372467170669e-01
-1.057641704487636947e+00
-2.324973619421517035e-01
-2.229194491480409601e-01
1.615631647036543939e-01
1.498611893757040292e-02
7.009863570237919728e-01
-2.647352110849166551e-01
2.743430219198065290e-01
1.022071599152977739e-01
-2.341515756389381253e-01
-5.784181231412911517e-01
-4.844293997313254829e-01
-1.296455614619333341e+00
-8.259370262149698938e-01
-1.291539425363688265e+00
-1.233343304333744728e+00
-6.984407310176936612e-01
-5.673772460550794428e-01
-4.219285951231185883e-01
-4.283274252627352618e-01
8.456552097796072864e-01
5.414348360542948768e-01
9.922517271231613423e-01
1.087164162649603139e+00
3.975524696203768249e-01
1.582582091526024026e+00
1.164737367216791331e+00
1.045603500647630302e+00
5.503784262625432966e-02
2.713729134320444492e-01
1.272882993185404099e-01
-5.045193500263930875e-02
-3.153205749357893550e-01
-3.255098789671349579e-01
1.802483249520639430e-02
-6.472165087719858878e-01
4.731831645925735907e-01
-2.226184347962529841e-01
7.321004117198154360e-01
1.483350663438282702e+00
1.651645686540996305e+00
1.517147646893389989e+00
1.961361995430780159e+00
1.721188212125852379e+00
2.164009035209271126e+00
2.082936479531327656e+00
1.309293619493908212e+00
1.429244811924417435e+00
1.434898055523113003e+00
1.605460838459380035e+00
7.727969277008199800e-01
-9.182084782685884239e-02
4.683259649729536456e-01
-2.529669209087048731e-01
-5.325356940549683671e-01
-9.614746635984106060e-03
3.096472600972090539e-01
3.088698701774358346e-01
-1.470656244287105174e-03
2.305704495546729293e-01
1.139988600868256263e+00
1.566786995533195004e+00
1.740466932744423323e+00
1.780579494409222363e+00
1.000384113078415682e+00
8.439272609534120839e-01
8.476927857206794092e-01
6.866224396293068022e-01
3.609221545307873535e-01
6.596292163670948172e-01
-5.871196056484280223e-01
-4.326858538639446472e-01
-8.186383809808309708e-01
-1.107537632684322926e+00
-9.590282807717964708e-01
-8.248930542065606719e-01
-1.094944710305291835e+00
-6.143371895535143512e-01
-1.192009018423388467e+00
-5.950987135700680497e-01
3.108286942872765524e-01
6.982128258790229469e-02
5.758512388837832008e-01
-2.370082603494669260e-02
4.581845935237465750e-01
2.069359510598179352e-01
-1.002769964322314689e+00
-5.435253547442040478e-01
-1.995098599933295413e-01
-1.070792162975428674e+00
-1.428144236690491731e+00
-1.725809704908915387e+00
-1.854339005000549934e+00
-1.633290560059821761e+00
-2.792624864477320834e+00
-2.208453851367775833e+00
-1.902523551191409368e+00
-8.258881283959181863e-01
-1.560356847883993758e+00
-5.646162876067181147e-01
-4.093126515217587746e-01
-7.337307594046581505e-01
1.163430126859848479e-01
-1.165675540193443216e-01
1.026813010208364324e-01
5.419814953908919097e-02
1.831598313041524206e-01
1.177777974643780812e-01
-1.649847939097993099e-01
-1.097118531994962787e+00
-8.378484454386012636e-01
-1.536237469825775914e+00
-6.744909223756353489e-01
-1.447310503860075537e+00
-1.740824495206492406e+00
-6.183862372674755470e-01
-5.450162524235562245e-01
-1.155801449861187935e-01
-1.657686741306101663e-01
3.675540057512715064e-01
-5.686614461942720578e-01
6.339618656210493919e-01
1.900763444737902041e+00
1.479612271053083683e+00
1.476018757452152386e+00
1.270433479277216726e+00
1.028952682027177490e+00
1.255089451676486556e+00
9.260478364685196251e-01
9.923403119896327951e-01
2.088890315176251955e-01
3.156209829805582956e-01
-6.966971015600599282e-01
-3.795211175819727112e-01
1.586870949665577513e-01
-8.366038764471420697e-01
9.619389053662984468e-01
7.285933663014394490e-01
6.129050460394853683e-01
8.375747776928765820e-01
1.624932140939481684e+00
1.630553068369922975e+00
2.182912941237369342e+00
1.965025474277559692e+00
1.922161986646314880e+00
1.892662180260342497e+00
2.153025783162965112e+00
1.744099304515665416e+00
1.483702265220187666e+00
9.273554989648388203e-01
5.142488824033826234e-01
1.054917769438640018e+00
-3.780635480038167517e-01
-3.015170029782381911e-01
3.785403621133992536e-02
-2.482569283004551208e-01
-8.435025281123127716e-02
1.368480633648522238e-01
1.152896782796040576e+00
9.997018631375748088e-02
8.572878125185378062e-01
7.962375393037361970e-01
1.457496967878953775e+00
1.356010992789272285e+00
1.566927213225591586e+00
2.172205498343509955e+00
1.107208078097456916e+00
7.430067652349862106e-01
2.194157492168585799e-02
-1.314956245551788805e-01
1.603978382639184019e-01
-1.135843073190165864e-01
-6.907287856433973472e-01
-1.383493899007919081e+00
-6.110549592923056883e-01
-9.610640699078070170e-01
-1.257078622443008387e+00
-1.087575845226259608e+00
-7.801396465609319320e-01
-7.410998139069832069e-01
-4.051758924779252924e-02
5.058171163758988786e-01
5.630641343110163177e-01
-1.189868562653328965e-01
5.834809182362687974e-02
-1.423818341622098971e-02
-4.239596007854841420e-02
-4.519478464190740397e-01
2.040484711856604960e-02
-5.840272987578480901e-01
-1.040457763323478169e+00
-1.075584807174729596e+00
-1.841602552931277170e+00
-2.423120951785829646e+00
-2.154172861621834745e+00
-2.828693001834220677e+00
-1.591175839619330068e+00
-1.141325272095373933e+00
-1.696386190032704855e+00
-1.261599846519951829e+00
-9.592738843805697080e-01
-3.856187614220985549e-01
-6.165393612365863696e-01
5.430958595265829025e-01
6.453600978379245845e-01
3.810100333877396439e-01
1.067931447080034679e-01
-3.468870256810560049e-01
-8.059519982087426371e-03
-6.251889441710445361e-01
-5.075281404529030649e-01
-9.308350496641809579e-01
-1.072490943771036154e+00
-1.399383198436726428e+00
-1.369933465820125429e+00
-1.125149144356783149e+00
-9.577488339728861266e-01
-1.112781786249285476e+00
-2.199376675905293788e-01
3.917230447266788484e-01
1.391762823312669706e-01
9.120369029197578081e-01
9.857308229467666161e-01
2.080017139376947988e+00
1.436352965563789663e+00
2.010901567063974493e+00
1.056223575923464164e+00
1.204864280388495024e+00
1.259535550521679426e+00
4.818367108543310517e-01
2.531439680702030071e-02
6.909605365153848044e-02
-1.240499593518479965e-01
-1.081578219516713124e-01
-4.255954687599960984e-02
-4.054000697626159999e-01
2.599430781924637057e-01
-4.335734844527729948e-01
4.094925370011613386e-01
-4.522293637657381904e-02
2.179260833237792738e+00
1.548711355518664456e+00
2.046640317913209106e+00
1.408980366597217149e+00
2.309002887547811689e+00
2.274225720000202067e+00
1.953066155583591090e+00
1.877478008832424550e+00
1.672585225234096029e+00
1.203644686677964648e+00
1.215514553657672359e+00
8.295217944770058027e-01
3.975981462502603536e-01
1.844153103081205280e-01
-5.029961417553968639e-01
-7.084628856361520066e-01
3.574662110499913781e-01
-9.179967624040202834e-02
8.024861649606978009e-01
1.756910992141761940e-01
5.501397621988202147e-01
1.141356075248546542e+00
4.587564990362047457e-01
9.653348184368961693e-01
1.433106926473763032e+00
1.283321642054235046e+00
2.918883040419577579e-01
4.048301043623133144e-01
2.657487537711670234e-01
4.450601416045545378e-01
-6.993365199264638399e-01
-8.553647619422166670e-02
-1.451604888265991544e+00
-1.327457052868260767e+00
-1.459914865058097089e+00
-1.727225124764244280e+00
-7.927862860680204848e-01
-1.788558338482995502e+00
-8.801972089005172251e-01
-3.529227326080294214e-01
-7.772672513645135783e-01
-4.326916286430708136e-01
-2.395995777301634377e-01
-1.531880486584468737e-01
2.057592475961965983e-01
4.341268972420403438e-01
8.884203415110628055e-02
-9.016380129158885204e-02
-7.699846530857551441e-01
-1.054805594723387641e+00
-1.817817790332912686e+00
-1.655128993324606279e+00
-2.298114212939795120e+00
-2.089299193112382991e+00
-1.325799281338914559e+00
-1.899308346499001265e+00
-1.125594260175023509e+00
-1.335087355267509768e+00
-1.601815990005745149e+00
-1.517688486356899347e+00
-6.707077383174971930e-01
-6.481569019229068696e-01
-5.343445572517346864e-01
9.712998710094918053e-02
2.120676394903404094e-01
4.134977997715578169e-01
2.212661301799364044e-01
1.647414462447759353e-01
-5.132325723052182376e-01
-9.104726682267407778e-01
-1.203490841917247867e+00
-1.467718311570487710e+00
-1.612854635623410804e+00
-9.851671462556612635e-01
-1.431418685703275129e+00
-8.284566957974058843e-01
-1.176444260360984151e+00
-5.902046609007816080e-01
-3.787596272906129657e-02
2.684501257870572366e-01
6.710206581842372842e-01
1.076181426048363976e+00
2.427159320500564821e-01
1.298181346674624148e+00
1.541384624793070257e+00
1.615410943944774802e+00
7.752863202857660507e-01
1.796092100488171361e+00
9.871744321589396298e-01
4.328994406426789343e-01
-9.053074066409189102e-02
1.004094682591504528e-01
-1.487744914322568501e-01
-3.234172678392455147e-01
8.046436504749232554e-02
2.189230901079993741e-01
4.667947343911224012e-01
8.638384209579333950e-01
4.737770012438063394e-01
6.856227719951699662e-01
5.333627782676948481e-01
1.664181904621037100e+00
1.883199170280407619e+00
1.546306581281003734e+00
1.784443027181843666e+00
2.107583421459755080e+00
1.851311872762086974e+00
1.703798550754037855e+00
9.653610798457407105e-01
1.270261101563328499e+00
5.582567659439870988e-01
9.675751501525876597e-01
-1.229867668014883175e-01
9.533902434151489413e-02
-2.606624243186292933e-01
-2.690473978634914665e-01
-2.187912806869842242e-01
1.291321685338724101e-01
4.641140579905630448e-01
4.105344433619397826e-01
1.757084545661253827e-01
1.060305337359080058e+00
5.626858844497835133e-01
8.913898492416481023e-01
1.556891276352038167e+00
1.933774374923101780e+00
1.165813067392573732e+00
9.146201575763286407e-01
-1.377699747112131057e-01
8.339626065311014913e-02
-7.148441993365508562e-01
-4.808785414560468041e-01
-1.501536914636948605e+00
-1.131372399458461464e+00
-1.125033160355227491e+00
-1.273596239907567096e+00
-1.188175415232823440e+00
-1.058104807293092753e+00
-3.560348235070938117e-01
-5.636265351881745156e-01
1.064339967835475909e-02
4.293139802515108516e-02
-4.222939368017418760e-01
3.522633943978994431e-01
6.357793461264031887e-01
-1.094380428405466177e-01
-4.909729074898474543e-01
-4.132992775351903014e-01
-1.206235352257722937e+00
-3.398560162871662182e-01
-1.170798451842572252e+00
-1.535931957610623400e+00
-2.141140614961085653e+00
-2.235413269624884069e+00
-2.535876985295515418e+00
-2.084496253106566943e+00
-1.952781877057599758e+00
-2.016642981289992420e+00
-1.354021797889433776e+00
-1.209123997464230715e+00
-4.937517491629862532e-01
-1.961573565002604491e-01
8.532610750927033250e-01
2.690304527675251856e-01
-1.279417202908131324e-01
-3.406807751229316006e-01
-1.683855168021753390e-01
-1.230070564234846120e-01
-3.332197507924499202e-01
-8.092825766783009467e-01
-7.652054238129216701e-01
-8.383049770889760000e-01
-4.474345169144263723e-01
-1.495111870501598883e+00
-9.028115121363212703e-01
-1.145135006884781426e+00
-1.035958409579226469e+00
-3.897521192796879475e-01
-8.562030793047432642e-01
2.650989324088944277e-01
2.648464549462100637e-01
2.496178130948096818e-01
1.458132756060930291e+00
1.458969204049118895e+00
1.336641458594410414e+00
1.103053152878204157e+00
1.319301788228552041e+00
7.910736106764523212e-01
1.183865660830452748e+00
6.029809221798395624e-01
8.485132344193940801e-01
-4.310658303323746665e-01
2.940443423066463891e-01
-1.573043981581137285e-01
2.000130220568446804e-01
-8.720264841249255605e-01
-4.952747977042987193e-01
8.744671618699607629e-01
9.192126167502572276e-01
6.224345676580225195e-01
1.894706087991274934e+00
1.808704980454448163e+00
2.109365963017184598e+00
1.936141056841093278e+00
2.147059737240530897e+00
1.805464550388027334e+00
2.156464304479873917e+00
2.083681539064266452e+00
1.420872950704199722e+00
3.897633616098179488e-01
4.283387168600599759e-01
6.086798238998606392e-01
-4.117246667615464539e-01
-3.350941309450923278e-01
-2.050624413590716733e-01
3.547489305308819674e-01
7.390723467226717469e-02
-7.299941905068343395e-01
-9.818002988390195362e-03
1.055762416340208398e+00
1.170248357899775993e+00
7.389441376469019218e-01
1.181101785790525049e+00
1.754788292217007495e+00
2.162174566563248135e+00
7.585818253567018221e-01
1.202180724404277923e+00
1.183893402342709456e+00
-6.332462062293203742e-02
-1.759604707550925518e-01
-3.403326364030750950e-01
-6.759268372765910859e-01
-9.594159477765380473e-01
-6.616873613942707566e-01
-1.812386889757671149e+00
-1.707262058135368576e+00
-1.272651614691328925e+00
-1.260878233024536055e+00
-1.321390042554621669e+00
-2.063186117184239166e-01
-4.355861687481196731e-01
-5.233852094427338120e-03
3.684604800835222793e-01
5.494069873887938993e-01
1.646057292505584135e-01
3.107425674015183992e-01
-4.145817100398595523e-01
-9.370599517622965613e-02
-6.461990406738606918e-01
-1.354647463894794290e+00
-1.220644415365897517e+00
-1.644062326067782021e+00
-1.667777003126260649e+00
-1.862611924812100472e+00
-1.289352185543636953e+00
-1.298783285304611290e+00
-2.177063114228206864e+00
-1.640770616379048752e+00
-1.619720169187215175e+00
-9.584039738742352599e-01
-5.990233790625411059e-01
4.465474200879282485e-03
3.926114634287554694e-01
-3.376111645483670376e-02
8.088314849581224042e-03
2.168807676461398382e-02
9.268811614208791183e-02
2.471293397612936982e-01
-6.309896611012042467e-01
-7.215130340570996559e-01
-6.865215251008603969e-01
-1.131047196306200764e+00
-1.822606819079028551e+00
-9.525746441357572092e-01
-1.711543903234027830e+00
-1.020329058522312371e+00
-1.059166513566586421e+00
-1.334770555583695728e+00
-3.587616445721792391e-01
1.977727348559895626e-01
6.780766252193142218e-01
2.138823347269298014e-01
1.036491476288803781e+00
6.025119900404938278e-01
9.397127094001169745e-01
9.732209758349690265e-01
2.301704078858449742e-01
9.125613303521213915e-01
-1.019189306993656952e-01
1.755982141053314544e-02
-2.412398337118507596e-01
-6.998711533192814027e-02
-8.067425112265823595e-01
-6.142579320130667764e-01
-1.238319654788994750e+00
-1.210471873914866769e+00
-1.122788005916904863e+00
-8.986206202067232862e-01
-1.734949902901035401e-01
5.323343189275541176e-01
3.533715250494795512e-02
6.764879912890771063e-01
5.734091680735138308e-01
1.057193642142080003e+00
1.187056443791608906e+00
1.522537565921001423e+00
9.597808774075740068e-01
2.406489984371853463e-01
7.566480354988538437e-01
4.613503299103928201e-01
1.625189534632061061e-01
-3.781234357862104378e-01
-8.677522083308765177e-01
-1.138502709485687214e+00
-1.413491196863563504e+00
-1.900367131134224064e+00
-7.128761205202156503e-01
-1.828860118413691560e-01
8.053239790106969664e-02
4.767251493574662519e-02
3.851231834042115332e-01
7.498374743227482764e-01
1.088117245818738921e+00
8.042161278343109565e-01
1.243118658464331228e+00
9.657035868311768523e-01
8.982545332786333603e-01
8.091632715775013418e-01
-1.036618547637305210e-01
-2.998657962386380715e-01
-3.357851325987128988e-01
-8.178112485859733161e-01
-1.092440188581655036e+00
-1.068906915588680784e+00
-4.798447147615472197e-01
-1.133648270828269800e+00
-1.194775945291210784e+00
-1.339527139657134436e+00
2.665625323515330991e-01
2.033248409398739909e-01
6.359710002492946490e-01
3.434871909263490508e-01
3.408320808661911561e-01
1.023100975283274039e+00
1.697440388876253481e-01
8.141017847050999734e-01
1.786260228679252160e+00
-3.168339686841228353e-01
7.012309915325041221e-01
-1.906170810471760624e-01
-7.379008522318741825e-02
-4.221511378022478889e-01
-1.945381590482359035e-01
-2.725776397215905478e-01
-1.297582268403688399e+00
-1.419264534826564228e+00
-4.155375186329912651e-01
-1.028420140658400816e+00
-2.151908961450691438e-01
-5.356070592363768590e-01
-2.816467565680133012e-01
6.726815911247284729e-01
1.402012769847857943e+00
5.499641022881888164e-01
1.292912920666266841e+00
4.787300274619660234e-01
8.931129341598242899e-01
4.769941779659145897e-01
2.383971683714163070e-01
2.054479531543126902e-01
-7.744301679909675329e-01
-1.212812927929237006e+00
-1.151039876370794302e+00
-1.231791822523502500e+00
-7.146682611517920503e-01
-1.014094083782131506e+00
6.609754864335037894e-02
-5.623305577637234265e-01
-8.581081725261119342e-01
-3.108436712417882997e-01
2.884409646187318654e-01
4.641298724791819152e-01
7.779762682543150953e-01
8.255170131016811297e-01
9.325844587512649442e-01
1.124814449792373994e+00
5.789417087764340275e-01
7.097495776688196312e-01
5.926531700201120856e-02
3.800124129190932676e-01
8.567935440228380273e-03
-3.852137943156258570e-01
-3.893706788935746843e-01
-7.600338732518803209e-01
-1.344752251319091929e+00
-8.074277305375854308e-01
-9.862994256067222354e-01
-2.515534698901201183e-01
-8.785835014330903858e-01
4.619248135703566405e-01
3.512376635076732700e-01
5.391061371101731892e-01
7.093218732350285993e-01
1.266226328286786496e+00
9.791706773890997972e-01
8.715990691837360860e-01
1.655535482996705055e-01
9.916468303524725858e-01
-3.572806847409476516e-02
4.972526464368187127e-01
-2.693304639057542693e-01
-1.165176646087970447e+00
-5.457910757515956890e-01
-1.431870131529674683e+00
-1.342985456536228028e+00
-1.324341605724481008e+00
-7.060736154723048497e-01
-1.161142526282626264e+00
-5.681294783296335638e-01
3.830608951812554674e-01
1.295255062748721098e-01
8.078041081655387146e-01
9.797819424649053532e-01
9.695210901265780556e-01
1.482921304090621506e+00
6.595756632612133075e-01
1.202840814531489944e+00
1.138574042794093355e+00
1.703196676258799669e-01
-5.197479192409196758e-01
-7.742455863354562595e-01
-7.876010956696845033e-01
-7.502791075234870322e-01
-6.367718097015288015e-01
-1.149207883242645112e+00
-1.388838862456980294e+00
-7.923206192701273132e-01
-5.527870072477784058e-01
-6.655751759546454926e-02
3.423266611983583618e-01
3.698909717384096796e-02
8.961255443226165962e-01
1.459389792779297590e-01
9.945881603090223066e-01
7.566748055746167489e-01
7.648999685774718893e-01
7.524816016638711247e-01
1.064892720274949633e+00
7.074721407285055053e-01
-9.786126350556637044e-02
-5.935326286952498087e-01
1.419546162417290036e-01
-9.309677916978407186e-01
-9.093819144040743430e-01
-1.273530521975714258e+00
-5.516457979699567193e-01
-8.076758676991786512e-01
-4.829672885399848292e-01
-6.055304415710552335e-02
-5.009638735019141670e-02
5.452198278710843615e-01
6.741696519694488909e-01
6.334318078857584799e-01
1.105698720210705588e+00
1.025760380081373047e-01
1.301591412906088152e+00
1.472826412848459832e+00
8.947037491882259275e-01
-3.073329456923075687e-01
-2.968654170483032706e-01
-3.350802606764911040e-01
-9.573103174485584344e-01
-1.298196449462370783e+00
-8.915536234271229654e-01
-4.490411668601533846e-01
-5.524476989418742878e-01
-7.857812726871766795e-01
-7.515678907142832044e-01
-7.467219771577802145e-01
6.432238078171779172e-01
2.121876762527823423e-01
8.141174223981484381e-02
5.537289532782880830e-01
1.448447123899085920e+00
8.964861098459125932e-01
1.335079936391746713e+00
7.083267277124456474e-01
8.141309581286836350e-01
7.937023749211007395e-01
-2.657375028955429319e-01
-1.725137692793435595e-01
-6.654490317076183770e-01
-1.381399548253533727e+00
-4.836737059010021156e-01
-1.079638252366376561e+00
-7.079260488310693544e-01
-2.627497243824590267e-01
-5.061813392900658126e-01
2.208761641562225209e-01
6.152979554426044606e-01
8.740917648470236667e-01
7.193191924232681389e-01
8.340827151368022108e-01
8.407465688826782912e-01
1.130573159787984006e+00
1.184515766548669191e+00
7.425480032828754018e-01
6.808192148970334534e-01
5.607794924015447879e-01
3.738142515064541982e-01
-3.696527186125283526e-01
-7.350633632254509608e-01
-7.848843675732426473e-01
-5.934296102656547722e-01
-4.605952817994257709e-01
-1.459361312081374651e+00
-1.037783491183621676e+00
-1.137616193984050339e+00
-2.416431106593688871e-01
2.429301641873661544e-01
9.080951858652741571e-01
7.072915997416338030e-01
3.081010479988035566e-01
1.282049616378162948e+00
1.108056534517594116e+00
8.803626470140371030e-01
8.601231575382116690e-01
6.177996782357771943e-01
8.659286032670424071e-02
-1.663845044037117749e-01
-5.887712731164285174e-01
-6.358467475658040602e-01
-2.158175113278746338e-01
-4.477604708698125213e-01
-8.708909539715012915e-01
-7.336539614491612848e-01
-7.445163637428322545e-01
-1.813727381727541776e-01
-3.731140716741727648e-01
3.244623688166518582e-01
7.222894918781044282e-01
8.788929251758847983e-01
8.192891162673812122e-01
1.368433526688954682e+00
6.712686982156292892e-01
1.026125429742352990e+00
1.193668023256623467e+00
2.205968360362135505e-01
8.428536896059356520e-01
-4.068330573084240620e-01
-1.731126153486709507e-01
-5.006714496046701379e-01
-8.916714448689103678e-01
-8.663761843504474980e-01
-7.655400597539447904e-01
-3.719035650750547317e-01
-9.426611412550742752e-01
-1.964677830734848363e-01
-5.888366096121815385e-01
-2.080310476345108572e-01
5.290072432148488213e-01
-1.325310580947910433e-01
5.358935569848393143e-01
7.216794944063634754e-01
1.292161724533268163e+00
2.813175489277377483e-01
1.116948797346646538e+00
8.527537432188110333e-01
3.639844445858431143e-02
2.060871682264837912e-01
-6.873889933529578333e-02
-7.423280044180718962e-01
-4.657079489716138276e-01
-6.440162416487387187e-01
-1.748669188494919258e+00
-1.206485107550459235e+00
-1.368984191141500162e+00
-1.041754859062927530e+00
-2.807952042425171379e-02
-1.357200749403390805e-01
1.632984746453257641e-01
6.605151670940525577e-01
1.389733013485439095e+00
3.576365331701587547e-01
1.107428363840264884e+00
8.046720718156796792e-01
1.116172737291307948e+00
1.038952602189233687e+00
1.810325790384212652e-01
7.054044985107494892e-01
-7.566797914613041520e-01
9.190818932937161456e-02
-1.985745043870261739e-01
-1.005002067068620608e+00
-1.511856812519570159e+00
-9.380784037653452367e-01
-1.022929637212831810e+00
-5.478583968668832016e-01
-1.584457637741455427e-01
-2.555420822127152936e-01
2.909865304349538717e-01
6.794820454828652823e-01
1.230542437109031884e+00
4.512016364188145556e-01
1.061837805417749303e+00
4.963874428426761631e-01
9.561122022422142708e-01
7.301763867461255053e-01
9.597039728351561827e-01
2.201891156400906380e-01
-8.808422578965968697e-01
-5.098002585335288384e-01
-8.112735427887789452e-01
-6.619090185754779032e-01
-8.270928276226645615e-01
-1.119952596398097189e+00
-5.238658646007852138e-01
-6.926629881929794452e-01
-3.549550031205858658e-01
5.416780842666673035e-01
7.619967511488763279e-01
7.086628930924984138e-01
2.208616019383191631e-01
9.334781002878567158e-01
8.707818079274953771e-01
1.034132529717196602e+00
7.267382559560969790e-01
7.092687137730535607e-01
2.813862389981995893e-01
3.123442579842189981e-01
1.374195553162896322e-01
-3.532969986365961379e-01
-9.376663029276525174e-01
-2.384944877952639430e-01
-8.402329931877348113e-01
-4.113514942363284410e-01
-3.918218536380381201e-01
-6.397721397187324799e-01
-6.974701839132596559e-02
-3.449162275182737769e-01
1.264579339216048703e-02
6.281751321203297156e-01
2.776834281899785983e-01
1.172977009719498698e+00
5.212277181485925892e-01
1.226929712223153501e+00
8.110707730118233982e-01
-3.174612575665914926e-01
5.757593612289326757e-01
5.539761769355407983e-01
-3.110489247895075748e-01
-8.343993524759194536e-01
-1.125419910902209830e+00
-7.710556393243339635e-01
-8.504837951656618600e-01
-1.203099612045789524e+00
-5.713669944204268214e-01
-3.868719723210642947e-01
5.535778963385593610e-01
-2.854227948933453773e-01
1.302864055286268585e-01
7.367419644934329881e-01
3.289256848297561486e-01
9.340212509090554116e-01
1.275841157604739928e+00
9.189355869439245206e-01
5.550057533941035182e-01
9.388252221099423478e-01
1.112381474793278924e-01
4.279278885791095721e-01
8.323993278305019672e-01
-1.241392108756497858e+00
-1.341437853684511294e+00
-9.909045154598913330e-01
-1.258201330079913749e+00
-8.866889707827282363e-01
-1.408305247366331336e+00
-6.814386985904747895e-01
2.388464924082057683e-01
6.671094598053858848e-02
-2.013732318513265784e-01
1.542367180611794730e-01
-3.426265885260870205e-03
-2.105625160682022545e-01
-4.420256367636605371e-02
7.329701556719367406e-02
-2.099053235171658705e-01
3.507441448973854237e-01
-1.899253138442228983e-01
-4.720010373534361259e-01
-2.465336149545408750e-01
-6.396784604885962233e-01
1.034757794897288585e+00
3.977935401679348337e-01
-3.302346784316947947e-02
3.182374493983904928e-01
-5.293744793988166553e-01
-2.029100357393405496e-01
3.846428197389240577e-01
-6.982016347079210705e-01
-3.721588688447861060e-01
1.921254743081426963e-01
6.243666816487750681e-01
3.234128490080848684e-01
2.536182745501431302e-01
1.231180588690324318e-01
-4.448047990892946557e-01
-2.828778656602073602e-02
2.162282043278636323e-01
-1.951855491453277358e-01
1.346916680954078904e-01
1.239618213836435195e-01
4.716388456571844467e-01
-9.220394159319173118e-04
4.931852183548429691e-02
5.334854158776696220e-01
-4.873536410093878279e-01
2.062848562278017106e-01
7.492579176071638425e-02
4.376636049032740505e-01
-4.636696878388497089e-01
-4.199310628971265891e-02
-7.718298039568637081e-02
-2.550367936740378649e-01
4.099100583294597033e-01
-4.821425571862107406e-01
-7.208141230783156050e-01
3.993026665535716058e-01
-1.783649291930907432e-01
-1.679697175933034248e-01
-1.028450877221866525e-02
-6.506953209419780171e-02
2.884281492652713830e-01
-2.141759258718313186e-01
-2.418412036768183559e-01
-5.524997494788361774e-01
-2.287979967112626356e-01
1.274748613403090258e-01
1.990162861981379094e-01
4.983437217900241190e-02
5.458805015163703533e-02
-4.748588317285679788e-02
1.779522880184441699e-02
-1.835750889154293408e-01
3.277051835576252903e-01
1.124593543111069571e-01
-6.105208135438419670e-02
-7.540445742331305934e-02
-3.530712575253215357e-01
6.757911231444084510e-02
1.830197307828492215e-01
-7.645597643936044019e-01
-3.929233645400481700e-01
3.194642257816592834e-01
-1.286491157282166897e-01
1.254474523263941488e-01
5.585768722255607388e-01
3.576909983362849821e-02
8.141178209960838741e-01
-5.022283576317604359e-01
-1.849529370318535315e-01
2.373319372683108663e-01
1.931682101540339591e-01
9.687846327143691261e-02
3.385190121628637444e-02
-1.361123851075806412e-01
1.897292733714540658e-01
-8.413460338500818037e-02
2.128567463567742901e-01
-5.927705491453877373e-02
-2.741041368509093967e-01
-1.700349359258595261e-01
1.608187659535152692e-01
-5.313288317179384324e-01
1.498977786452250494e-01
-2.865948969076160813e-01
-1.836393516931554282e-01
-5.255184024129211373e-01
-3.703262418382298193e-01
-2.746426116216560409e-01
-3.244708386320725724e-02
3.082202397803539551e-01
-3.589820944611755715e-01
5.819637898779952967e-02
3.164717007802932969e-01
2.009835976491034654e-02
6.567111438264703338e-01
1.685533344590638702e-03
-4.590626988746416282e-01
-1.015316666718216326e-01
5.417753315403044390e-01
2.773477968772947166e-01
7.290748459926600367e-01
2.480553484291915245e-01
-8.032698122350226400e-02
3.778457378186281246e-02
2.649742405021545677e-01
-2.327489868485020652e-02
-2.240340357046494979e-01
-3.267782263613676630e-01
-5.688817873129623816e-03
-2.695869617724464540e-01
4.088053811543130855e-01
2.278110606303020702e-01
2.483519150611406545e-01
-6.719010613864540016e-02
-1.476706022504235549e-01
2.911737462726221026e-01
1.442248432416165516e-01
3.365307980780296027e-01
6.062794548356465092e-03
5.077029393612624286e-01
1.506182719945908521e-01
8.894478566828646626e-02
2.277331913196032342e-01
8.046254035359551304e-02
-2.213607245266140666e-01
9.003510250001076423e-03
3.316532691144655209e-01
-1.051211732559562462e+00
3.967052771145018752e-01
-2.332950994561924785e-01
7.835832146337710080e-01
-1.894781872616656537e-01
3.624424065366264602e-01
9.005251955403918707e-02
1.667345487541813664e-01
1.859589505476806903e-01
-5.533393035129556825e-01
4.936310930219020565e-01
3.473772759480656114e-01
-1.805734468162201525e-02
-2.591716856494039045e-02
-9.934398787631774919e-02
1.079521993896754434e-01
2.569421241590878480e-01
5.024799087333702285e-01
2.865930399284467023e-01
6.543673050433577165e-01
5.309599987624024492e-02
1.783608961619544825e-02
1.819006085549076113e-01
-6.946870159141260714e-02
-3.254715633591814816e-01
-1.405513959952819913e-01
1.895693516720157734e-01
-2.434897815213218353e-01
-6.695667461120422548e-01
1.240919173920578961e-01
4.113415101448180677e-01
-2.015485881573051974e-01
1.331782972581421753e-01
6.749466940770267043e-02
8.008115128342441214e-02
8.448894148657840053e-02
-7.547679195109774364e-02
4.606936895766073903e-01
4.230553785966641861e-02
-7.111849869750763720e-01
8.893832615987166124e-01
-4.728926600053188767e-01
-1.140495377887785072e-01
1.793523624311758186e-02
1.507050991737067247e-01
6.794018506472003782e-01
-1.826015176163650333e-01
7.554067525291709995e-01
-2.031544113406945351e-01
7.179216885606861664e-01
-2.754186343303335338e-01
-8.914737246818049687e-02
-3.407169309257583323e-01
5.196204503615345915e-01
5.447626621552270620e-01
2.739855177723631297e-01
-4.355549106249588243e-01
-6.197000071465397220e-02
2.631756531928142184e-01
4.187340801245462152e-01
6.291244551731243681e-03
-2.098471442010040877e-01
-4.099589225623256200e-02
1.305172940747953703e-01
-4.274707653088783976e-01
1.942548058085423746e-01
3.042135821088379766e-01
-9.499536216623505336e-02
2.636275409989705665e-01
4.317889424008599653e-01
-4.810939369247056452e-01
-5.380658674981866341e-01
2.785947188101802752e-01
-5.805125044408567803e-01
-8.306013722709237879e-01
-2.107823804623875641e-01
1.161678258455710044e-01
1.170778737976399114e-01
3.253353250342223002e-01
-4.966963243267422112e-01
-3.122285971888693057e-01
-5.352994588422037570e-01
1.461991662183596552e-01
5.188542603543231380e-01
-2.481813410721672997e-01
-2.984417847047655670e-01
-2.035744139964080351e-02
5.715471889669725414e-01
-1.720180366784438974e-01
-1.667072290589432515e-01
3.420792701982833806e-01
-1.836736508766355913e-01
-6.344685635460308726e-01
2.631259199346878130e-01
-3.552245272793553843e-01
-2.250255151620468297e-01
1.740742920601974844e-02
-3.813189147545266722e-01
3.298230048242252188e-01
4.078063562295191485e-02
-4.012495771095145880e-01
2.751843666557918788e-01
-3.227501622772550038e-01
-1.644372628211381859e-01
6.150030872211854627e-01
-2.687934647560609736e-01
6.437714267106943444e-02
-9.502237405435515205e-03
-1.726785779515089825e-01
2.948949830055140331e-01
3.064715383424129191e-01
1.268763397901695733e-01
-1.373456060772489662e-01
6.435617361993442587e-02
-3.978816365097121999e-01
4.608450193509751047e-01
1.211964867638875426e-01
3.045523979198491160e-01
1.062365472900737712e-01
1.429423651979009058e-01
-2.022330340560403172e-01
-2.742823031873015682e-01
3.404209101421178385e-01
-7.551589539030084675e-02
4.277053994112469670e-01
1.138714779921004006e-01
-3.093053358791762464e-01
1.840040215975864701e-01
-1.084478032498276956e-01
6.740525015226325189e-01
-2.607237355898409104e-02
5.625644044333177884e-01
-1.217942903052391390e-01
6.844655473716176886e-01
2.849270741354064662e-01
4.289067583222544444e-01
4.522449408766821000e-01
5.920880900065056407e-01
6.043304021707598395e-01
5.563474405921020605e-01
-5.147445198661722288e-02
5.679773410947733803e-01
-2.296166385878897487e-01
-4.759409317403888798e-03
5.280324101151466776e-01
5.602041292689340368e-01
-2.457387706867713573e-01
3.991380752362707618e-01
2.998097095838639925e-01
4.545531183417130250e-01
5.690094298183139276e-01
6.536371532913276550e-02
-1.019540310181571208e+00
-4.671854021569067927e-01
-2.023278649111716343e-01
-1.110692435632327640e-01
1.172456368033136381e-01
4.307431624372307088e-01
-1.407359475289891816e-03
-1.177862624529472796e-01
-2.462893071405310719e-01
1.620507509448849415e-01
-1.309845057074012775e-01
-3.469475129714151840e-01
2.104679216020671761e-01
-3.595018960512545436e-01
-3.564005553241037655e-02
-1.001483001536869755e-01
-1.325008887240230193e-01
-3.627281831776367760e-01
-1.224339672521868178e-01
-6.432715934215363918e-01
-1.679314052926256517e-01
2.169177893350162645e-01
4.922942148372077553e-01
-5.384474981656508508e-01
5.062938126393013993e-01
-1.261954151086053244e-01
4.056750109724709119e-02
3.511455307229165435e-01
4.624823386415425341e-01
-1.421146647948061947e-01
2.262970417219356545e-01
7.925579472162379568e-01
-1.991775513751650392e-02
3.657456359350232944e-01
-4.924757922663171583e-01
1.529164079114624653e-01
8.836470761818470132e-01
-5.460031711721267111e-01
-7.618855198182918065e-02
-3.929436718363463754e-01
-5.986856771026304314e-01
1.870983841732925534e-01
-2.886622094265350880e-01
-2.903118350398111239e-02
-2.273022237671096513e-01
-1.277834204111407967e-01
5.108007533546538026e-01
-4.942841609515583046e-01
1.461788387695144298e-01
1.794691226398489325e-01
1.682866151793710185e-01
3.975868210744584186e-01
3.604371120046035576e-02
2.819433006881066350e-01
-3.746187075795282539e-01
-7.353176348130905510e-03
-1.825779712021483592e-01
6.788168284176544498e-01
4.038040444367716475e-01
5.670910703838036998e-02
6.498331806544580536e-01
-1.656289965633076788e-01
-2.598402562087107626e-01
1.662511805559307165e-01
-3.006960334363886211e-01
-3.180733527059405041e-01
-5.881877601702407699e-01
-2.028198689642509156e-01
3.517328826847348489e-01
-2.436070578919312390e-02
3.205676728707768791e-02
2.216513538159328445e-01
4.002614907827493629e-01
1.329045189926986170e-01
1.009595794917156897e-01
-6.756144276655868808e-01
-3.836159137517957535e-02
6.142696296020226931e-01
-1.563302339478218894e-01
-3.784252503578727778e-01
6.332638548648453769e-01
5.779136088059649151e-02
2.047090041016002837e-01
-2.193120598760680551e-01
-1.090533846529436746e-01
4.410342223320739552e-01
-3.052559984440700869e-01
2.879850439613740876e-01
-6.697717972871093384e-01
-2.035602284571393916e-01
-6.898767275358460571e-01
2.022469448040789819e-01
-2.949131960029581778e-01
-1.245283704826339322e-01
-3.273814728513462780e-01
-1.762431549355616134e-01
-3.089884395133586925e-01
-2.953289442757250569e-02
2.167213657933068083e-01
-1.304156055792057289e-01
1.754430672970627159e-01
-2.761484811289349750e-01
-6.095504829016850090e-01
-2.653934141422889526e-01
2.390986570346969042e-01
3.465746969287822887e-01
5.364328088861212984e-02
3.134370016110262780e-01
