7.278274930744720039e-02
1.602297483433787750e-01
-1.008015712224735183e-01
1.378096793829860778e-01
1.514140170890484194e-01
-9.322154310665793642e-02
-3.179444564353591796e-01
-1.118362888372781971e-01
-2.828611581432294853e-01
3.457101796083882905e-01
-1.214529721806189289e-01
-1.353550988611388894e-01
-2.653178125543152743e-02
-2.359075855431251034e-01
-2.860797337539207064e-01
-5.642514765425742373e-01
3.610260031061690578e-02
1.736841404868170180e-01
1.319786114889895667e-01
1.639286159921783323e-02
3.617745437367745343e-01
1.764603086585860847e-01
7.706284515050521207e-03
-1.254927897370701657e-02
3.205279633442357223e-01
2.504395934599749629e-01
3.505789549376278069e-01
1.552218952672926311e-01
-2.989604601027759934e-01
-8.521212298122464446e-02
-1.958465752695705830e-01
-3.131624476897541531e-01
-2.244219053267818009e-01
1.061963947680980985e-01
2.161604650445657361e-01
9.390595104065831145e-02
1.309807039099704709e-02
3.328734936439804448e-01
4.092786518010834707e-01
-2.336645478568766532e-01
-6.946651569621606348e-02
3.902561565307359759e-01
1.449864271815185512e-01
1.177322716261226948e-01
2.229994199486438899e-01
-1.119352556288092798e-01
-1.038480993959884358e-01
5.126042968643735459e-02
-4.062084408348237696e-01
2.090511415918342164e-01
2.144501044237905885e-01
-4.087886032916288603e-01
2.678006007660396412e-02
1.131113690624019480e-01
-4.852080561996761077e-01
-2.185654108176096899e-01
-3.253976676398976364e-01
-8.784509313375221673e-02
1.340963406906073019e-01
-7.777015680808620213e-02
2.505173789759388425e-01
-8.069599465158441495e-03
1.131351198549641890e-01
-2.186899669704931992e-01
2.926756126122245782e-01
2.178462525003717065e-01
3.514547477880786142e-02
1.843891103687501920e-01
-3.499931344112849896e-01
-2.228684896527180770e-01
-2.046206819717085179e-01
-3.344085265589141071e-02
4.129085353735663377e-02
-1.044091248852622167e-01
3.777107947257837273e-01
-7.100960665289715590e-02
-2.295551690701132935e-02
-5.555916983385353891e-01
1.057802625330357266e-01
8.514867980156704680e-03
-3.821334553228536435e-02
4.983644146147628295e-01
-3.402730790313100995e-01
-2.301833197626433347e-01
1.565061465141085462e-01
1.123594543225399506e-01
-2.421913688204825332e-01
6.583449790046763672e-02
-2.491107826439249995e-01
-3.262489112391437907e-01
-3.226590541386790134e-01
-1.271041464191049186e-01
1.662845051741559665e-01
-1.482315527378164355e-01
3.114276186887748321e-01
-6.105669062102862116e-02
-7.385866418424799629e-02
2.899898578711959315e-02
2.266217663041182329e-01
-3.204713407288618532e-01
1.877404205627149769e-01
5.210217584557351456e-02
-1.651492582991415936e-01
-3.985108955990250279e-01
-8.985724501831866828e-02
3.608688261687982290e-01
6.335337357030398908e-02
2.654334366080684515e-01
2.705479630592697582e-01
3.237326746792964366e-02
3.950638129473478810e-01
1.370623905761300665e-01
1.206343574069551061e-01
4.340120626446709040e-01
1.696484980189453748e-02
1.596003656292716844e-01
-5.740007523875128269e-03
-7.240097489614502613e-02
-4.014398555686857911e-02
1.950666104082475760e-01
8.766639961104806533e-02
-4.115365470746341903e-02
-8.981751454421160741e-02
2.523281013228007019e-01
-5.700221267486731136e-02
-1.431842928065586024e-02
-2.846722424118812711e-01
6.448419298699896440e-02
3.246317036356526770e-02
4.535061249699617880e-02
-3.358366211283854152e-01
3.252007671810298595e-01
-2.640388408555152111e-01
-1.764375700650300249e-01
2.703920813744374319e-01
-3.088386668085723284e-03
-2.744596013747115926e-01
-1.041646711430999350e-01
-3.820828223588738914e-02
-2.284646869000082348e-01
-1.291150510657622374e-01
8.977055864754307501e-03
2.707923807850937115e-01
-9.331194218612362534e-02
-1.198577228337655287e-01
4.059883806346379354e-01
-1.300923150652406324e-01
3.431876296104784396e-01
-4.412854926221931873e-02
3.050178591130668290e-02
-1.114605073899016807e-01
3.431738220088359492e-02
5.775269731399843565e-01
1.432537209416972490e-01
1.858827898122343003e-01
-1.947611894729515958e-01
-2.690493393375057996e-01
1.523173658322393362e-02
2.198528356757182833e-01
1.656393978698011138e-01
3.631763713958895828e-02
-4.044955836464450005e-01
-7.496238929343333746e-02
7.325493708249769531e-02
3.433189965232284480e-01
2.479111643397922671e-01
2.339646997469533307e-01
-4.714404757234228471e-01
2.235926878411780006e-02
4.697110637827422996e-02
-2.730377724853814692e-01
-4.550358104623024313e-02
1.294766080217087667e-01
3.481616048588026535e-01
3.939641487799681041e-01
-1.685612101748625857e-01
7.470391974127520152e-02
-9.831167457352630625e-04
2.280421875803960718e-01
5.921337457764679346e-01
-9.637613148487365888e-02
1.588806006893668243e-01
-1.418638592973684755e-02
-1.464862717896299460e-01
3.492041553286289735e-01
3.506816139309985592e-01
5.473519350494188834e-02
-6.009157197946503048e-01
-9.595715116086317442e-02
1.651611915984179876e-02
-4.490308141002611331e-01
-6.824540219196155444e-02
2.685602155864422538e-02
-1.139587740241534454e-02
1.330277559522552999e-01
-1.998445397239710930e-01
3.919828863315856782e-01
-8.638252824745300262e-02
1.221497188067925815e-01
6.683691019436890923e-02
1.276952170669364506e+00
9.995516913702897632e-01
7.757398056086565186e-01
4.202296045734005281e-01
-1.168377070512763849e-01
-2.174738822658499326e-01
-4.030248130148592622e-01
-6.849019050076744497e-01
-1.061477486049273500e+00
-9.702169571290754080e-01
-8.942241002098834102e-01
-1.048835091484406457e+00
-8.161266618848536103e-01
-4.059579007517166716e-02
-2.179756527158110968e-01
-1.984421679668648963e-01
-8.811208185471219867e-02
3.617849068374436317e-01
8.467363648271455379e-01
1.023456384676010078e+00
7.058429616293016018e-01
1.075402469912802417e+00
9.508318406402433975e-01
6.253504004617775891e-01
6.762211912642306366e-01
4.097243396532081472e-01
-5.135550662618096895e-01
-3.609406921753112174e-01
-8.706795941349110279e-01
-7.073970075115439959e-01
-1.412024884137189407e+00
-1.164542229847466581e+00
-8.190421873765914018e-01
-4.625936023252230633e-03
-1.793405466378580060e-01
3.461442977253305631e-01
2.929562310252012414e-01
2.425789082460990120e-01
1.179658897587312794e+00
9.954697167167159133e-01
1.304864299289845597e+00
1.064138076106165176e+00
7.375153811579150398e-01
4.094300119658573767e-01
5.769406168561168613e-01
-7.635377561673099833e-02
-4.809436666612582068e-01
-7.502015511086398414e-01
-8.093765529085703569e-01
-1.068874984463997313e+00
-6.898354004025201158e-01
-1.030000952475709219e+00
-7.780233588149968460e-01
-4.343263933293848300e-01
-3.793748769562611534e-01
-1.584600105104494450e-01
3.837631018331824628e-01
1.865930593309733654e-01
1.201167047648407094e+00
9.722734010388238701e-01
1.065914184151594224e+00
5.785087244550833896e-01
9.456873521526486526e-01
7.514889771921841044e-01
2.158806971520044193e-03
5.629923763534080416e-01
-5.207742913338035962e-01
-2.240877160715489813e-01
-1.391935453337062034e+00
-1.208461378617406545e+00
-7.561471812150500904e-01
-5.241088235347458602e-01
-4.857188709351574207e-01
-4.756577624810925942e-01
1.147108837476320531e-01
-1.298012577030991377e-01
5.179136281255171115e-01
4.479024857487998723e-01
9.987271845621920052e-01
9.250368457308920656e-01
7.582491603103633793e-01
1.450107033562437753e+00
6.508601592081830756e-01
7.065599017848064323e-01
3.053629311578038297e-01
-2.437973903459869363e-01
-2.067149550770436828e-01
-5.749565493405996985e-01
-9.979694912926495576e-01
-1.074585570624615682e+00
-7.109328803036958355e-01
-9.258765669403813403e-01
-9.686994035836812289e-01
-4.420207265966555887e-01
-3.191064364660368136e-01
-8.661689295434212010e-03
3.741143493457623759e-01
5.423866795638773164e-01
7.372752748267441536e-01
9.062322262603701439e-01
1.628659540357751290e+00
1.031299606781890033e+00
1.453947769651629862e+00
2.938295969174620770e-01
3.260896625588152742e-01
-6.638019002216506703e-02
-4.417060007084674389e-01
-7.819796568679802107e-01
-7.556237423900911132e-01
-8.642540044835411717e-01
-1.109568291664000395e+00
-8.837707880765472979e-01
-1.031592100067573403e+00
-3.973362405484726079e-01
-6.091382470322542764e-01
-1.483632173077638859e-02
6.668949715003741341e-01
3.623321177089517398e-01
5.775637490246539052e-01
7.624637876582264218e-01
7.062561033701126867e-01
5.522557491012929365e-01
6.929513119926592468e-01
8.393280756203321813e-01
3.200594672333574309e-01
1.530007953778070307e-01
-7.328521675995064433e-02
-5.757257528342142328e-01
-6.375251505663729334e-01
-9.454674187337873681e-01
-8.507768675293444494e-01
-1.161331168704602845e+00
-8.927382929883569407e-01
-2.624830437854069887e-01
-4.947471822260232077e-01
-1.049867524040032918e-01
4.549756412488292767e-01
2.498731331873708106e-01
7.933694616974850122e-01
6.695375092967130737e-01
1.153093594964322621e+00
1.357956769896033311e+00
3.443308863100076334e-01
6.023431415386651944e-01
3.293898732962988185e-01
8.784102782944475107e-03
-5.709936784087237260e-01
-6.245890057214966706e-01
-5.974847404916934224e-01
-1.126209130591605323e+00
-9.455809345250993925e-01
-1.084539776436077796e+00
-9.272080707408749678e-01
-1.895300231075258135e-01
-4.496201181641531486e-01
-1.580436446840884634e-01
1.701976596558495702e-01
4.275783786543996268e-02
1.041584599088560603e+00
1.099683139448883296e+00
6.798836312069743704e-01
6.317600591644363384e-01
7.699193378209496785e-01
2.687259945877950584e-01
1.565840472092877855e-01
1.887824177149022842e-01
-7.570129581719755585e-01
-6.802375420455859523e-01
-1.017278383194249125e+00
-8.195576230682637409e-01
-7.571138396141615656e-01
-7.054896044267332522e-01
-9.989597713878795027e-01
-5.233518124563401042e-01
-4.356109727301622492e-01
1.236664000009203429e-01
1.449741703885099042e-01
4.687966550618321016e-01
8.436659795779948290e-01
6.861537278783264027e-01
1.078914557108443972e+00
1.173185947930458717e+00
7.198452221170965615e-01
2.413605036820135608e-01
1.389454696985954751e-01
-4.220911798781422086e-01
-1.486542290686960199e-01
-1.105189115366463248e+00
-6.342575958331757580e-01
-8.207554576684542580e-01
-1.037518733990250741e+00
-1.243554570601490994e+00
-7.291174541780059970e-01
-1.207487123298763843e-01
-5.630177352779530686e-01
-2.643214187136645466e-01
4.429039319715943890e-01
6.481859128256561853e-01
8.038957433655137264e-01
5.624716716157314167e-01
9.057543997031005656e-01
9.650170318457763630e-01
1.458543814734619914e+00
4.031966906265201378e-01
1.368276284248182151e-02
2.045093515564904985e-01
-5.599531528690371296e-01
-5.424661122715622730e-01
-9.109137125707583715e-01
-7.902824500249423512e-01
-1.057284291374040119e+00
-1.190428580259034197e+00
-1.238766308490206969e+00
-7.697277160968297727e-01
-3.789884219007074728e-01
2.364489277000092482e-01
3.640196955136918433e-01
9.442433333597226586e-01
1.254085665737804778e+00
1.099759374171122905e+00
1.021300364583599185e+00
1.945171164538276320e-01
5.694794116896821912e-01
1.363564006546400975e+00
2.758724479887941783e-02
3.491065533481416128e-02
-4.799004307366234734e-01
-7.232247952725893159e-01
-9.053332601726055140e-01
-9.989120760161834811e-01
-1.191040209152842699e+00
-1.006776994996062324e+00
-9.843434396006318643e-01
-9.558713881030829196e-01
-4.040631129576220393e-01
1.281570348929466086e-01
1.558920167338733731e-01
2.411623203850552510e-01
5.415351224509719064e-01
1.350596106484404757e+00
8.603795302410761625e-01
6.465137111872591991e-01
1.214780255655234953e+00
5.920572747619775589e-01
1.618668312551524435e-02
2.768924987233954416e-01
-7.647663812084790069e-02
-1.111184549598741356e+00
-7.191425708949067408e-01
-1.425986616468805313e+00
-1.247144425214417041e+00
-1.155730129904636083e+00
-7.457464382147704907e-01
-7.490546302081693142e-01
-5.756845494854776479e-01
-1.295294304746096303e-01
3.254729803365508656e-01
7.109748102024936456e-01
9.512894392763958651e-01
9.162264926624652528e-01
9.912148011287248428e-01
1.084340573679861919e+00
7.755173123264291757e-01
8.160554787798918186e-01
4.337992439594934302e-02
5.782332424511978791e-02
-2.677949484078713804e-01
-4.012093814491022870e-01
-8.985394671831620217e-01
-5.634337582285657842e-01
-1.429785467334628857e+00
-9.319464651083940732e-01
-8.998391405076477945e-01
-5.547318396355723769e-01
-1.965438234292021802e-02
-1.136400557600621558e-01
2.143695211904883824e-01
4.581225604484779335e-01
1.002654163150922928e+00
3.154873178613842866e-01
1.018768581326319644e+00
9.862057760946300045e-01
1.029394957149870393e+00
2.930980918680374248e-01
1.701458975249174332e-01
4.484984013822710947e-01
-1.887383671421168363e-01
-2.607385252017797583e-01
-1.290402274191805976e+00
-1.096633226132894157e+00
-1.055653823944642022e+00
-5.521995210401919874e-01
-4.885043415215528095e-01
-5.145885573745607733e-01
-4.472648165051107405e-03
-9.165780623272290484e-02
-3.267337461505026575e-02
8.682029938224753440e-01
1.177734115804337733e+00
6.000994747312208277e-01
1.597166582519175204e+00
2.246681399275431090e+00
1.960472283019303319e+00
1.312886481090292268e+00
1.078362710620629716e+00
5.013112825073564593e-01
4.417509518079617559e-01
5.057390543390727355e-01
-2.250513272718651092e-01
-5.069924690133911227e-01
-3.385631631331491587e-01
-1.294017202117178633e-01
5.654760894466084875e-02
-6.969968302563162021e-02
6.505239682977420612e-01
8.041855324692011031e-01
9.069111989663700690e-01
8.420014883974232811e-01
8.648387640000534393e-01
1.216116459259362736e+00
1.349398106287836185e+00
1.442657519318371051e+00
1.087825636851023958e+00
6.147841405738011522e-01
5.704228619322699867e-01
-3.563055294225817571e-01
-4.761764569224052890e-01
-6.881869627544010548e-01
-5.560534064644326868e-01
-9.441528681729007833e-01
-1.342024119865846243e+00
-1.169118651530344888e+00
-1.622067192846534223e+00
-1.113537815676597154e+00
-4.992499015982902466e-01
-6.137275180481196468e-01
-3.456588126137557504e-01
-3.471122515702422806e-01
-1.986193177746023997e-01
1.477770184922191921e-02
1.660991586551140986e-01
8.322222289271183349e-02
-5.274242480644052850e-02
-2.345193789961143582e-01
-5.467124470614046494e-01
-9.685339733613947955e-01
-1.012289319348516292e+00
-1.544025274188296049e+00
-2.281289163706867296e+00
-2.209843251383324159e+00
-2.399374262760423093e+00
-1.741306232246841112e+00
-1.525315132116556782e+00
-1.845696372237954686e+00
-1.464627494711829847e+00
-1.108298428861858254e+00
-5.400353924996128541e-01
-8.788566902951544524e-03
-1.606138582039462748e-01
5.086265878493412274e-01
3.921967975940197637e-01
3.045661431399102059e-01
2.071776234863309807e-01
-1.154615249955593115e-01
-3.031665695364060276e-01
-3.073931467069036527e-01
-1.051020013871779790e+00
-1.028440257602076802e+00
-1.802269934132172402e+00
-1.732183148457526745e+00
-1.816581114886641313e+00
-8.670479252294268635e-01
-8.735692986372042279e-01
-3.644966651882027842e-01
-6.651269349856786528e-02
-6.930812093804372687e-02
5.331191958510059781e-01
3.986616613317762736e-01
1.552365765294551059e+00
8.058180116319001440e-01
1.350574364763916346e+00
1.699619002623094399e+00
1.206733483724858003e+00
9.513197789105096724e-01
6.969468521868844579e-01
9.438650681174824975e-01
1.696727747051605673e-01
-2.842630837917375919e-01
-1.733856938162575689e-01
-5.227468926788707559e-01
-1.924258224206998324e-03
-2.659572409447071295e-01
-5.535731346877953429e-02
4.696931268700882955e-01
6.946747504142134488e-01
8.985937930596523682e-01
1.191998416311409459e+00
1.648210243646406337e+00
1.743792617708207260e+00
1.992771348765186135e+00
2.269825133245445770e+00
1.915181862973551974e+00
1.174074374967106982e+00
1.632342455509606882e+00
1.234992142941168325e+00
1.096365420193338602e+00
8.029209434098398823e-01
3.052854258390166886e-01
3.843688013885058763e-01
3.605269357098997429e-03
-1.373512467605107756e-01
-1.685670377097412687e-01
4.197172674530688097e-01
-3.453787064555680075e-04
5.214533936131179326e-01
1.157177737535334705e+00
6.970273538542814951e-01
1.363823813635820059e+00
1.203692841630821464e+00
1.283752303354954494e+00
1.249851346530559404e+00
1.019219424973696997e+00
8.818730634322243800e-01
5.667928408161064802e-01
4.246300159210688596e-01
1.591856790620055639e-01
-1.790289686509453915e-01
-9.368836106248208395e-01
-1.113909861882505847e+00
-6.395038679445288476e-01
-1.063158164985122278e+00
-1.627430545650484284e+00
-1.338383559877535545e+00
-1.035757762536210880e+00
-9.422242509439946456e-01
-7.892492450261592296e-01
-2.253487313826306737e-01
-1.215433018407161420e-01
1.404520234459331884e-02
-5.255634505578635207e-02
-2.854364804153953772e-01
-2.240590445097731531e-02
1.515861895521965486e-01
-4.088826736956676644e-01
-3.704677947659788528e-01
-1.295401339091336368e+00
-1.202658803118924480e+00
-1.203085357389075405e+00
-1.372199876445001854e+00
-1.512702188725884023e+00
-1.950082527340461835e+00
-1.615689834580409823e+00
-2.273453733498091989e+00
-1.399519224503891879e+00
-1.249041459654991471e+00
-7.551249690078600807e-01
-4.819041069098686236e-01
-8.357870179431595714e-01
-5.654637888765521314e-01
3.261179570924579441e-01
-1.821860066184083360e-01
3.802483081123059216e-01
-1.203754791764402865e-01
-1.343007077955178652e-01
2.589144754897438894e-01
-3.880865121196506173e-01
-1.008944181950318653e+00
-1.325180062895783495e+00
-1.192895921553049021e+00
-1.249286185484884459e+00
-1.095685033114534468e+00
-1.006072275769556601e+00
-1.881229769819889874e+00
-7.223104929252454065e-01
-6.234693502342902871e-02
-5.106867070727157121e-02
2.183029734936846877e-01
8.364180563193043261e-01
2.252718055638175398e-01
7.972570725333140151e-01
8.399128062485092805e-01
1.352212144057783227e+00
1.030983644068550698e+00
1.178849312385020998e+00
8.071315039959583437e-01
1.505921283681483924e-01
5.287336340111621347e-01
3.408335178123286235e-01
-1.608763740717391033e-01
1.025941362545296220e-01
-1.805506863956761465e-01
-4.696221346108848255e-02
3.651605636656818921e-01
5.562559122776555842e-02
6.510635065159475765e-01
6.740585792766389250e-01
1.126789364063822685e+00
1.421984526238506241e+00
2.038622595398241533e+00
1.883117817903686708e+00
1.772634628547316904e+00
1.871489208485319189e+00
1.328689679363353804e+00
1.723391311012388183e+00
1.340699855154592113e+00
8.409839339497366950e-01
8.706238808258432993e-01
8.083685187148192952e-02
-2.058819694263872568e-01
-4.080960539715461355e-01
-1.464649502124483471e-01
-3.799561615988359398e-01
-1.184290547245294839e-01
9.999926305632028667e-02
7.588192705677065941e-02
1.761687614047541262e-01
9.512333436270681286e-01
1.394412576265844805e+00
1.286971626746019393e+00
1.439665919133478633e+00
1.387923139830890662e+00
9.289532616080042882e-01
1.026552605396002127e+00
5.277793187478228010e-01
1.086772901155094839e+00
-6.914338037764543587e-01
-5.818865007910123399e-01
-9.011739790920673121e-01
-9.637219980687021792e-01
-1.237689119897797507e+00
-1.050760994665887349e+00
-1.188687938671518340e+00
-1.255859652684407468e+00
-7.953981245687100632e-01
-5.305782372436599337e-01
-9.259548670380419733e-01
-4.082723981890549192e-01
4.790373503541986433e-03
4.228011484235411066e-02
3.927114778027854247e-01
-1.154759573472216028e-01
1.785762145480459528e-01
5.995708951516076635e-02
-1.651922117567927173e-01
-3.999236099794267196e-01
-7.223645528611501998e-01
-1.413246107862381029e+00
-1.767706003844130791e+00
-1.726635485003066295e+00
-2.303108555350288356e+00
-2.142795755562542759e+00
-1.640024625384194135e+00
-1.521647258409466019e+00
-1.937906671310075435e+00
-1.378993356742801435e+00
-6.762027261566661007e-01
-6.458862945651200338e-01
-2.400560386883297814e-01
2.673173419087929159e-01
1.617354965607080142e-01
4.914683406996460668e-01
1.549816354726704648e-02
4.497275141887542294e-01
-3.782189549896469716e-01
-4.469895651925447355e-01
-2.958881312366396510e-01
-1.117501379259565386e+00
-1.058863689998037483e+00
-1.042010682571369973e+00
-1.172081740752903389e+00
-8.808201275367670835e-01
-1.561216128157676630e+00
-9.611038933898972125e-01
-7.184977056500471138e-01
-1.933544834354788411e-01
3.424802946188560959e-01
4.019969796625586511e-01
1.295993715043497030e+00
1.266095560360799066e+00
1.442212725645320770e+00
1.061282731605726948e+00
1.602097754544053121e+00
1.175036593999058798e+00
8.794657951905000548e-01
1.032504526634657305e+00
3.578070714062490110e-01
2.949771778663684563e-01
5.568736641229201645e-01
-8.110646764791998309e-02
-4.055898683163861040e-01
4.120392824937347820e-01
3.506805072461460782e-02
-1.543262186848992634e-01
2.379543529807885416e-01
6.519028618281275111e-01
1.150055311053354234e+00
1.512837943820799058e+00
1.726341873536687999e+00
1.884590988683039203e+00
2.098740699596398418e+00
2.063431047212461511e+00
1.998661711856407619e+00
2.258309814387477132e+00
2.075614227970671966e+00
7.435029837679337783e-01
1.188379978360915468e+00
5.196520197068719149e-01
5.102564521945628373e-01
3.308947106961467044e-02
-1.182046967428195261e-01
8.576354122622531495e-03
-1.645363330164496263e-01
-9.982565302352586212e-02
3.585761420918502362e-01
3.683801174254803801e-01
2.335190715078720447e-01
6.279579311243648210e-01
7.388075725966795071e-01
6.431001776819524896e-01
1.414381774327342578e+00
1.206613091440382313e+00
1.174751534627019867e+00
9.095593299139993482e-01
7.354779279810282899e-01
4.249943774420889553e-01
-2.080251995548041133e-01
-1.745305953206839900e-01
-1.059365999553712356e+00
-1.194488692906019445e+00
-1.451944848270857236e+00
-1.433880998600216561e+00
-1.508070806358780436e+00
-9.452277901051584497e-01
-9.657899679240048441e-01
-6.231272708853412556e-01
1.204075248982949820e-01
-4.740996111844370531e-01
-3.090032336529955903e-01
3.727899086285560992e-01
5.591847368970114251e-01
-8.537809709537746983e-02
1.903203593290216100e-01
-4.844143821880665390e-01
-1.945632604301177349e-01
-7.546481395626247757e-01
-9.649437154556625984e-01
-1.061601913459558233e+00
-1.484168280200059087e+00
-2.294634643773132865e+00
-1.713354491815070491e+00
-2.103314008581465444e+00
-2.036818981813738105e+00
-1.545816510990613235e+00
-1.655516565392928907e+00
-1.313017546699753568e+00
-9.201923246364520637e-01
-1.965594033587269029e-01
-6.806625422179168883e-01
-1.045811879987634530e-01
2.443719383823860225e-01
7.177712727420076932e-02
1.330801277817830752e-02
6.578006807189488159e-01
-4.473438028791102417e-01
-3.967581965491462359e-02
-8.751700714741473819e-01
-1.083357601290089178e+00
-1.111487106404746905e+00
-1.542513701190330488e+00
-1.193983319428205014e+00
-1.221324206214617236e+00
-1.000788872293091325e+00
-8.143425262121688490e-01
-6.063331601689503358e-01
-1.634693809355689809e-01
3.378382915965603139e-01
7.459645416836503395e-01
5.642609814237882215e-01
4.204866265021357519e-01
9.368934296837317932e-01
1.332516827120733049e+00
1.229795696957941775e+00
1.351627749854025895e+00
8.309399090336593297e-01
7.439056177195814135e-01
5.383530588187273036e-01
3.035454353209864342e-01
-5.296778244822856196e-01
-2.131180237645810549e-01
-2.237103360999157520e-01
-2.846700592315273282e-01
1.100321996227039689e-01
-1.924359481042468567e-01
4.105718051225287768e-01
6.299904633594406445e-01
1.149100144963981496e+00
1.453264150274369504e+00
1.670108043249545648e+00
1.986218684401686252e+00
1.799216716316438314e+00
1.710561618362492098e+00
2.547219922061138675e+00
2.092914786314195918e+00
1.651523675641158651e+00
1.292452130880892724e+00
1.604129410450901183e+00
8.531212112126798086e-01
7.671943399328128299e-01
-3.201360064262797067e-01
-1.214788808498879630e-01
2.492618220966544840e-01
1.682172003149613460e-01
-7.607587252269186473e-02
1.713456982423390840e-01
4.830136226944065081e-01
9.233491774916174899e-01
6.672270641975324157e-01
1.148371526041728652e+00
1.344565656395326325e+00
8.104053969105600164e-01
1.081051742131348359e+00
1.395121648371391743e+00
9.406614674712993063e-01
4.302220425755995947e-01
5.066509096020528347e-01
3.566289209376795610e-01
-2.465261564756298929e-01
-9.245419596217845370e-01
-1.222694106574433670e+00
-1.055295726187917893e+00
-1.532185345539283983e+00
-1.306087782886053317e+00
-1.463036771705756411e+00
-1.372410211602884456e+00
-1.023842114978188889e+00
-3.676002504799398829e-01
-3.356666194660983815e-01
-2.871459501781631896e-01
9.189998146279530766e-02
6.877146833631604672e-02
2.817978147957838631e-01
2.996290528956437327e-01
-2.263975803281155774e-01
-6.591125668969244344e-03
-5.799941275628032189e-01
-6.402290119099723897e-01
-1.049007760956435886e+00
-1.432336589305587493e+00
-1.914809885187241267e+00
-1.825639133611651532e+00
-2.382740940219851833e+00
-2.201243130375552415e+00
-1.988675426408305524e+00
-1.769701835479930763e+00
-9.285677184947801477e-01
-7.447185289777039641e-01
-5.869406562975498787e-01
-1.650552578316382413e-01
-9.133101888080538688e-02
-4.178036111368658156e-01
3.738576025059940355e-01
7.363736188642383551e-02
2.501248499214024923e-01
9.770256721415412904e-02
-6.132646971486170884e-01
-9.894245790259473816e-01
-6.208486723108059824e-01
-1.254399977222691254e+00
-1.110508640938994374e+00
-1.387901098411558509e+00
-1.495775364538034058e+00
-1.530698767581189834e+00
-1.018168516879246699e+00
-7.017455618922107119e-01
-1.747811462530458881e-01
-3.692085894682147762e-01
3.845103506669623750e-01
1.403738894177563035e-01
7.888266639001415559e-01
1.305329602126922284e+00
1.147532219635579942e+00
1.043970120527079271e+00
1.224715924889405061e+00
1.254840190650713838e+00
7.967009112997571751e-01
1.964107162437321863e-01
5.760396058420798049e-01
-1.644323924291786476e-02
-3.934395034915514483e-02
-3.296995798263991917e-01
-1.142549186629659569e-01
-3.132907517974395928e-01
-1.889259246412290372e-01
1.274261924603729834e-01
8.417914036442147863e-01
7.317299365899421204e-01
1.167312707803642713e+00
1.417016075866622371e+00
1.960518347544102591e+00
2.173359271280067340e+00
2.238864921326022106e+00
1.847563837924097063e+00
1.878749238199129090e+00
1.700890501887699191e+00
1.036000133090670516e+00
1.090923559884850791e+00
5.931326186633512076e-01
5.096868580937525817e-01
-4.662182204686485809e-01
-5.750748408564949621e-01
-1.353126224462339877e-01
-3.685729290003483261e-01
-4.054107815759373512e-01
3.429089376476079920e-02
5.012329438963676331e-01
8.340879021681321115e-01
8.770981233295960244e-01
1.310044470349776891e+00
8.499901323986276402e-01
1.452169640513588211e+00
1.080093978724385284e+00
1.057636926907822517e+00
8.176202748151240041e-01
1.060257184600356783e+00
3.450809542878927605e-01
3.337178837264760944e-01
-5.259552903250199751e-01
-7.450695898013376395e-01
-1.265419234863287112e+00
-1.576189356893402893e+00
-1.015879370777263091e+00
-6.852230877164955380e-01
-1.517921088345425495e+00
-1.098471882608325956e+00
-8.522405761219964404e-01
-7.704319870731074493e-01
-1.777895686508685902e-01
3.811238266060703594e-01
-2.500753565317065386e-01
4.138136664713545909e-02
2.279551541491239841e-01
-1.710106709450013307e-01
1.533537839305958161e-01
-5.419113521690870350e-01
-5.742348038028447510e-01
-9.710823575915821237e-01
-1.114318683163235679e+00
-1.812389142672701459e+00
-1.711042297981125726e+00
-1.956713114884669702e+00
-1.859527510977242892e+00
-1.801219947626637730e+00
-2.057971225916397362e+00
-1.770027478424309297e+00
-1.438392194216417952e+00
-5.513366108260961962e-01
-6.367734484169965681e-01
-4.168527396088924086e-01
-1.651559674624488716e-01
1.971821677498538095e-01
2.215631514140974645e-01
1.997627815901884540e-01
-6.921196476371849204e-04
-2.575918571735058560e-01
-1.618170292204882121e-01
-5.041793334820776629e-01
-9.443414526650983909e-01
-1.225135642664768820e+00
-9.672051470536269235e-01
-1.271079245381961265e+00
-1.452627572654902721e+00
-1.375085593512341831e+00
-7.694221001385213032e-01
-4.218296331016401224e-01
-7.753671139068027962e-01
3.456020857319666573e-01
3.083534296205337477e-01
7.319013028868307513e-01
1.113507306210481662e+00
9.829004168013314446e-01
1.184957577295525644e+00
1.309575120171945217e+00
1.240237908747639617e+00
7.122437115845391409e-01
5.911746456954214413e-01
6.976914234396127679e-01
-6.160843199418764016e-02
2.078851849038778898e-01
2.477530924208873331e-01
1.102917871525906923e-01
-3.225330105645720646e-01
-6.555478019504698550e-02
-3.729397549678411528e-01
2.201966932396922649e-01
7.418970138768420375e-01
1.393270254421167698e+00
1.042831326190907681e+00
1.607843223819809708e+00
2.430307698262657912e+00
2.305700479509430689e+00
2.249134767522965817e+00
1.012793665890886929e+00
1.032041879167655329e+00
4.293571185238037047e-01
2.869418824489559650e-01
4.771008164484890623e-01
-1.313649211081949486e-01
-7.382545722301299129e-01
-1.008648151177514496e+00
-1.094567301019515160e+00
-7.698170169605819124e-01
-1.051705017112912310e+00
-7.608306757714372592e-01
-8.525758624057544477e-01
-7.212089298258590464e-01
1.342580826744710076e-01
5.570043994346102201e-01
5.850564936246495096e-01
6.987595035614804218e-01
1.485490613345052724e+00
9.022452237817414344e-01
1.304766498863662028e+00
9.581933880611528398e-01
3.195466518535031164e-01
-6.429183058654397431e-02
1.471878424890039339e-01
-5.874527345851933147e-01
-3.353887632269523800e-01
-9.943343168443270486e-01
-1.140875226869098480e+00
-1.283132146306818377e+00
-7.479563531525441622e-01
-9.181911965054365687e-01
-4.413955285562961572e-01
-3.794230013848707284e-01
6.528308219998912865e-02
3.256704443615416333e-01
8.563504361099658624e-01
4.197361993705711614e-01
1.393660496682765704e+00
6.514456345761766576e-01
1.212653859728705541e+00
9.067889311516185158e-01
7.078759430760759308e-01
3.905243565552748986e-01
3.902397186568682952e-01
-2.684766037158489715e-01
-7.104399299649541977e-01
-1.150856316663343870e+00
-7.475065289358727716e-01
-1.393588157801442851e+00
-7.966633648917731403e-01
-5.046914848130252818e-01
1.288269837720731337e-01
2.962972905749394759e-02
4.994111818532036562e-01
2.739697177294322938e-01
4.181227945280619474e-01
7.603356803944869569e-01
8.888122013127482957e-01
9.894938795666164966e-01
5.952216490865848142e-01
7.407530988059500832e-01
5.840640183461143220e-01
1.882701596649333786e-01
3.639135143914063453e-01
3.467580668299991009e-02
-1.179234267333576724e+00
-1.069928264806902174e+00
-9.695772653994119139e-01
-7.647963636908666762e-01
-1.024763969008245956e+00
-5.661643933731007605e-01
-6.294454591164726498e-01
-1.121232984483276351e-01
-3.385673934090799864e-01
2.109421097674648582e-01
2.176153444288870253e-01
9.866526398831804157e-01
1.086705113366376541e+00
7.225297104953866123e-01
1.424705791959554269e+00
9.030989646044202956e-01
5.173490478641233903e-01
1.150644656294064760e-01
-2.969151170956440544e-01
1.247665142731943511e-01
-4.816706044869552561e-01
-7.115041301066560298e-01
-1.086663328770429038e+00
-9.290939995538325391e-01
-8.987760887119640163e-01
-1.249908347797793695e+00
-7.245498716844895881e-01
-1.851008395540641449e-01
1.831334067408970853e-02
1.302851944468993717e-01
4.928454189000150976e-01
1.414505582289573793e+00
1.032807366658170967e+00
7.295288421839031257e-01
1.090593303994460861e+00
5.547149132081170553e-01
5.385063159125890175e-01
1.106556004876950439e-01
2.710213166073196026e-02
-4.281815423614242500e-01
-9.476488547508796767e-01
-1.037005278628236660e+00
-6.837314308245041605e-01
-1.338119463746400450e+00
-1.147476771238559845e+00
-9.546859235688179846e-01
-8.339315229376285110e-01
-2.884973032857873765e-01
1.497171712029982948e-01
1.573858370944360985e-01
1.128436028886615761e+00
1.225277652207195533e+00
6.831889767650873857e-01
8.917712662472491170e-01
1.311454110283137631e+00
1.248271412134389191e+00
1.085609565568706580e+00
1.335268629135804574e-01
-7.696370071303547389e-02
-1.618058486738393198e-01
-5.216423933930405266e-01
-8.775941572985879180e-01
-1.155158112361781786e+00
-1.125389387886796655e+00
-1.058684006066538341e+00
-7.539476875572832526e-01
-5.370006348679455810e-01
-2.373683197575261750e-01
1.450036101735440175e-01
1.196817647066196755e-01
4.745662549778109085e-01
9.873701729178820941e-01
7.507979681952733353e-01
1.075757577391595055e+00
8.236031089990714094e-01
6.205549316014917771e-01
1.861081357806360081e-01
5.024010357857986442e-01
1.761460778167859287e-01
6.780637687046170425e-02
-4.903383976603058469e-01
-4.940616222151499315e-01
-6.298435963694710704e-01
-1.278261280837397873e+00
-8.386978305147022583e-01
-7.772853786468617576e-01
-6.979829544871808400e-01
-2.608155190856042416e-01
1.919053633123163349e-01
2.933728072094567985e-01
6.523270221104955358e-01
8.598249379292924877e-01
1.001948144258688167e+00
8.661297672082912680e-01
1.181063767221376404e+00
4.941690405577598977e-01
3.740044750552036223e-01
1.138111678047438458e-01
3.629351266869215165e-01
-2.546031749281613688e-01
-1.026359315875410294e-01
-9.447319506254532318e-01
-1.981480957660901598e-01
-1.070247931052172419e+00
-1.011950340591738495e+00
-8.040578988535982408e-01
-8.407224159490492843e-01
-2.470158009638633301e-01
-5.098872323053384170e-02
4.366637642599310309e-01
5.372334365586175497e-01
9.462476521434204368e-01
1.019439919294390595e+00
8.105049150010829040e-01
1.118644695593536076e+00
4.281702224692413017e-01
6.287277876427512791e-01
-8.549275884285872928e-02
-2.059019177648677146e-01
5.173953541776959986e-02
-1.750478960674205497e-01
-6.288603194305690813e-01
-1.513150128595473820e+00
-1.009388669021843432e+00
-1.074751375822227795e+00
-7.025244164005691738e-01
-4.818431730265200219e-01
-3.883130459281186053e-01
2.392411123894959135e-01
3.323276347991955815e-01
5.162397465983323830e-01
8.282504564708299544e-01
8.422163496138270755e-01
7.811944466615275973e-01
1.408075173507588040e+00
9.489499786720314578e-01
1.679184869467101326e-01
6.253826222600427087e-01
-3.128111981683523446e-02
-2.479596855922885090e-01
-4.768469617899007140e-01
-6.316840936906373827e-01
-9.015438181989439137e-01
-9.676381995919622891e-01
-1.141327821903013406e+00
-3.172004474363744331e-01
-3.865810203096969877e-01
-5.633080869930826573e-01
4.399989811748529489e-02
8.454305424289014770e-01
1.001363845671864761e+00
1.094076280926115086e+00
1.100688576059928314e+00
1.246850489384548455e+00
9.435891712983870416e-01
5.943902886393583884e-01
4.904325310186345988e-01
6.284556870022174335e-01
-4.203761955051754651e-01
-3.629462333800534957e-01
-4.769057585062450588e-01
-6.458572293399410524e-01
-1.101793500818114335e+00
-1.330848452690303940e+00
-3.965835344010687491e-01
-8.317996842082222564e-01
-1.187972758352033864e-01
-3.525339998566803246e-01
1.530171070003754352e-01
2.446839581603441338e-01
4.010753611580100131e-01
8.867995084239015391e-01
7.954571092956126410e-01
1.013103827159964831e+00
7.004702749781681614e-01
6.666492019109353517e-01
2.351041364103534370e-01
-1.260362210711656883e-01
-2.136094365531426009e-01
-4.274546756241429657e-01
-9.168793389831776386e-01
-1.186876223797467489e+00
-1.115008613226447176e+00
-1.077753710814166599e+00
-1.122308136286463531e+00
-8.150643071950194329e-01
-2.388042213890479992e-01
-5.321722334389320519e-01
1.005345872526951095e-01
1.931809776184159888e-01
3.514189304572217232e-01
6.526867107572981164e-01
5.256222239686930697e-01
9.030391360812822787e-01
7.122399309333227180e-01
1.275827658444795398e+00
3.008350894004867548e-01
3.662628056988486147e-01
-1.573114439109475626e-02
-3.811732468592502476e-01
-5.773604786731463268e-01
-8.143333427199506147e-01
-9.684627364529396765e-01
-9.833112899421814213e-01
-8.894209448210783631e-01
-7.324225762465503831e-01
-4.434205195368353669e-01
-5.436365751709313354e-01
1.063620186859038086e-01
-4.060696613124703536e-02
9.658027569834554127e-01
7.085149088043404264e-01
1.123481155199450132e+00
8.512341503877774995e-01
1.093318990481538577e+00
9.275341984873819445e-01
4.917030809618844200e-01
3.138828853932673080e-01
-9.687304027761176051e-02
-5.928515833518441802e-01
-5.104163881516399215e-01
-4.465940784668468444e-01
-1.453644349968655991e+00
-1.252036025796254615e+00
-1.216530968712581373e+00
-6.502879139988501089e-01
-6.624258584669164840e-01
7.690588826872241102e-02
-8.475039027838875139e-02
-3.186008231996079187e-02
1.005073496037553582e+00
6.727161458267253424e-01
9.892798863387360919e-01
9.189104742564346839e-01
-1.938205989184044464e-01
-3.872802533601656105e-02
1.978970620797712299e-01
1.534925559116561145e-01
2.419310724101760290e-01
-1.632856166185359115e-01
3.435768024898385592e-02
-1.684839406538970463e-01
-6.290352137470389682e-02
-3.050496039267071580e-01
1.306994704630852766e-01
-4.751602990239194857e-01
1.418513434518542393e-01
5.700046289937234223e-02
6.969318061108308038e-02
3.693078751860389142e-01
4.545982489055788722e-01
-2.244573614656163174e-01
3.868496801575050936e-01
-3.025073753839866916e-02
2.024075117694673354e-01
5.283343905857901257e-01
-3.305161362466766950e-01
-1.890440266822625837e-01
4.107311964696384043e-01
-2.578826648145940426e-01
-3.022617062985431466e-02
-2.820999061313371192e-01
3.931312316249386402e-02
-3.435644252991834624e-01
-2.096099550414933788e-01
5.985741789930040246e-01
3.595288375410660847e-02
5.107365517437780639e-02
3.324068833319058225e-01
1.734372670738959163e-02
2.392778332510699102e-01
-4.037510112689067232e-01
-1.855483486971244989e-01
-1.433616561694953662e-01
-6.514616009017655529e-02
1.107323735746330584e-01
1.214850125517952933e-01
3.630809794924068634e-01
1.709462066388188484e-02
1.128503732139950026e-02
7.132831680807066865e-01
4.403901050743700973e-01
1.168993377834286473e-01
2.059736673834900722e-01
-1.896591267584273321e-01
4.568929727640684835e-01
2.057696607663054011e-01
-8.861395572312713576e-02
-2.023731705912056034e-01
2.059803384967975048e-01
-1.092061838599869689e-01
-5.565065710766522317e-02
-1.474490941962936230e-01
-4.515988516275078468e-01
3.555597448454955734e-01
-2.030260422495985262e-01
1.199022428033280907e-01
-4.012721052617254092e-01
4.113749440478969288e-01
-6.246423129008231712e-01
1.078100514260317000e-01
-9.710757959191589073e-02
-2.285460374930774891e-02
-5.635296331412403825e-01
7.075978240554068113e-03
-1.208120298570733303e-01
1.683105125207616237e-01
-2.138404412511977215e-01
4.860401841053124117e-01
-1.957358279680832258e-01
3.977883477922127820e-01
1.438862818635362195e-01
-1.170422498709222103e-01
-1.681823002695782832e-01
3.237069512994140735e-04
1.028390458602454066e-01
-1.567587239606506033e-01
2.301545455813027719e-01
-1.948743640544443878e-01
-9.202604007093338756e-02
1.487788372994621779e-02
1.196597400904677796e-02
1.345401823335122364e-02
-2.062597029230405221e-01
2.420613553829764064e-01
-5.866308659982526208e-02
4.463078735730085511e-01
-2.319260272581460114e-01
-2.081590538806740165e-01
-9.440861180549120490e-02
-2.176911598608253506e-01
7.893379936047209555e-02
-2.945330819324799010e-01
-3.101161502829164474e-01
-1.362435806374493463e-01
3.895233152811271582e-01
3.487302431832995930e-01
-1.095312319680250279e-01
-5.978691052598588129e-01
-7.816281801628960357e-02
3.599485898867555572e-02
3.056478913384334459e-02
2.968522006542189118e-01
-6.772691077775869206e-02
2.361017051675050049e-01
-2.121740416515080774e-01
5.042202671717490592e-01
1.386266273329899157e-01
3.865938266592107153e-01
1.015961429311911662e-01
7.616862588530708134e-02
-3.898535641380821426e-01
7.316822541084017084e-02
1.748343304606706505e-01
1.888920255901926359e-01
1.860556159744619353e-01
-3.295058340125185392e-01
-1.215182590759685127e-01
9.242093129873098223e-02
-9.281866431012320007e-02
3.400929354651782699e-01
-1.875744467190421094e-01
-2.013942399389466453e-01
1.849265547582701341e-01
-2.416407378374083592e-01
-2.923173769807275307e-02
6.689188494536961460e-02
4.026501642616303611e-01
9.472438184790988869e-01
-1.389592667829307182e-01
4.107466152325194297e-01
-1.651533827261271736e-01
-2.403377295557780902e-01
1.424195258475975390e-01
3.521181819206269381e-01
2.259868084133478255e-02
-4.229915194490687091e-01
-2.427937257849906161e-01
-5.486525512194436079e-03
2.719163205894997368e-02
1.957031410821173378e-01
8.830917850092107058e-02
-8.660300751429148014e-02
-6.158603618524739753e-02
-2.058704517492319086e-01
-1.640616145922272062e-01
-4.195619028354886232e-02
2.301439726269523534e-01
1.741337984731471111e-02
-5.723553745615291878e-03
4.599734445324089038e-01
-2.037397324284968003e-01
-6.588600695342951286e-02
1.644524323924186071e-02
-1.743335078426576923e-01
3.469825996166727156e-01
-4.397114971349113111e-01
1.129997837159844171e-01
-3.297992446998232463e-01
-1.500362842399895202e-01
2.026238897590796895e-01
-2.219613132560666058e-02
-3.524975022122427415e-01
1.782023761141195983e-01
2.311796008282630266e-01
1.520393780777196981e-02
-3.378843212266945395e-01
-2.309688292476142768e-01
-5.881775704647980163e-01
-2.953416999250115249e-01
-3.744810795282738636e-01
3.480605231802961219e-01
2.722472436146520791e-01
-2.242687098710989813e-01
-2.008975561741203897e-01
2.504330062627900810e-01
4.150393008224371183e-01
3.338726633887927342e-01
2.360293946186094449e-01
-1.408286556684925916e-01
3.178483007617417533e-01
-2.692345550019125677e-01
5.380374156468840929e-02
2.095550168574267236e-01
-4.101137023005308468e-01
3.021348821245470884e-01
-1.400880377849862968e-01
-7.534846102955665426e-02
-4.735804312259911941e-01
1.554598772618975139e-02
-3.118017709832693329e-01
1.013478420933907748e-01
2.280537232413793192e-01
2.865481304183045141e-01
8.005687619782843045e-01
2.544424432129756553e-01
-2.304715797259896115e-01
2.751655683376806605e-02
-3.586321493852453468e-01
1.016360117761500731e-01
3.273666163193209543e-03
2.175760089528746832e-01
-8.824460400089578771e-02
3.244765915485381402e-01
4.045948893094395427e-01
3.287010699348489329e-01
3.644036838574075121e-01
3.539846046577126981e-01
-2.104030511511588430e-02
-1.164944960444119354e-01
6.605436738862100476e-01
2.650667620344794306e-01
2.687693598642530990e-01
4.826687950095576163e-02
1.276924346590126713e-01
-7.335360536144826249e-02
-2.736014858350781925e-02
-1.052621140716755027e-01
1.815757225752221982e-01
5.468681459516503557e-02
-1.599681497450473888e-01
-2.911478609326856315e-01
-6.617290471386547135e-02
3.364536220907539121e-01
-7.409340059592450789e-02
1.893939130278431970e-01
-2.206425616693773184e-02
3.846913910359845562e-02
-2.486557310152522904e-01
2.216928408528265337e-01
-6.364398364123147189e-01
-4.049705784718046209e-01
-4.748228608736099199e-01
-2.468373565191640528e-01
-2.549291236980740297e-02
-6.223347556480908482e-02
-1.338354557188953242e-01
3.096417965708088138e-01
2.203715250227480660e-01
3.385759632966652832e-01
6.100064771614498865e-02
1.252588570648649757e-01
-3.567039304046614179e-01
-2.135840600996524383e-02
-1.576357581123637164e-01
-2.670184657506393666e-01
-4.052757177841445624e-01
-6.374750740456992804e-02
1.972047865077027895e-01
1.224587496602060066e-01
3.172810813127398266e-02
-2.314711583075584056e-01
-1.248982967880789829e-01
-2.382983802412036445e-01
1.999006513113910956e-03
-1.121853079722037044e-01
-1.664737577831956195e-01
-9.942411688629111677e-02
4.723204389871657471e-01
-7.240723756038283665e-02
-1.650469562158787817e-01
-2.512276700365742022e-01
-1.501715168003799616e-01
3.165089170642088057e-01
-5.283719535869022543e-01
5.574113048270102899e-01
-8.046664998852539122e-03
1.083485593967179611e-01
1.441531947955811410e-01
-4.827770375204947784e-01
1.984511684359442085e-01
1.293602548763019000e-01
1.757622457085032119e-01
3.745833089661024240e-02
-7.104192120116976650e-01
-1.739600668458503030e-01
1.059249399880124592e-01
-8.757636464857442016e-02
4.149973675729677625e-02
-3.087034643272912326e-01
3.042150471248150634e-02
-6.274713841113845891e-01
-7.296258838885738562e-02
-5.567423479364199679e-01
2.706289849201333128e-02
-2.188246139116767075e-01
2.001541543327913231e-01
-1.532124874961527938e-01
-1.371538645665614231e-01
3.721008840859077460e-02
5.212299656148052796e-01
-7.626976325807230395e-02
-1.850443211864289395e-01
-7.402116468728829612e-02
-1.665283206243788616e-01
-2.076294399896448928e-01
-6.588171663891878582e-02
8.823677642294337764e-02
1.086121387510574215e-01
-2.510855173850116695e-01
2.284594026237270759e-01
2.069672232000141221e-01
-3.680681835469136187e-01
1.924086803845773130e-01
3.309778029180919789e-01
2.972576179782805972e-01
1.260685813677656641e-01
2.527235496568670109e-02
1.243662284422834968e-01
2.469146424881914492e-01
2.695593851846232458e-01
9.292061854498970264e-02
3.453193943629412344e-01
-1.279597390544159607e-01
4.563739352578033426e-02
1.366694363622886210e-01
-2.128503815630268248e-01
6.905883513522974304e-02
4.205835936516963969e-01
-2.872024376918513866e-01
-8.193745333528368660e-03
-1.119507744105115721e-01
1.957844956257637492e-01
-1.209162759359400374e-01
-5.456588012857083170e-01
1.946081071870124114e-03
-9.652338405044183500e-02
1.589413279704653403e-01
-4.100826806674145314e-02
-1.339430570684900512e-01
-6.243503090524676891e-02
3.468205083259502386e-01
-1.667508377135972220e-01
-2.297968512135210584e-01
-5.698431861952319571e-02
-3.372665376253510261e-01
-3.061269563217313694e-01
2.912893301461982332e-01
3.086194713772249520e-01
2.934809998518373986e-01
-2.416055223019455966e-01
-2.117278004365837074e-01
5.825755814496084289e-02
1.746994662242345731e-01
-7.116904526582888690e-03
-8.518215442161335312e-04
1.257999792768755842e-01
3.446926507457750977e-01
2.287821294984997422e-01
-7.222528620159783964e-04
-1.312376177267966619e-02
-3.823844981237567442e-01
3.880789818004070080e-01
7.107068363712150394e-02
-5.755110049341841810e-02
-2.472631469455984499e-01
-3.732664888753901566e-01
-2.681557742468553829e-01
1.052902106789257997e-01
7.512450940593996818e-02
9.979902440245359829e-03
1.417098535475022902e-01
6.559378849199612449e-02
-2.471462887475889270e-01
-5.062391827565873026e-01
1.340037894282279374e-01
1.051012963772355036e-01
7.110210888217446956e-02
-1.330305601928105652e-01
-2.921188667466051991e-01
-2.534358189324877331e-01
3.912743979528529037e-01
1.145340306139776831e-01
4.474189168682728979e-01
-3.954088765760609830e-02
-3.010967827184042878e-01
-6.290724880948608266e-01
-1.804063524597871284e-03
9.126301504421388544e-02
3.463371304245737026e-01
-2.679010984322042210e-01
-4.228702276976207264e-01
-3.295189769656401563e-02
-3.119019424122098094e-01
2.265444522952257955e-01
-1.788141984990787303e-01
2.384547547001421852e-01
-6.521539500141261547e-02
5.113541965225881780e-01
1.966493527929609464e-01
3.506357971844455967e-01
4.404273286424518347e-02
-3.902295704785537778e-01
-2.352528837766112157e-01
-3.632626135846749871e-01
-3.214666425866031796e-01
1.129119821804354523e-01
-3.616749217013968121e-01
-4.126385628218463830e-02
-1.990140250129071933e-02
-2.837333583749334087e-01
1.060429292095117354e-01
-1.197235125722372062e-01
6.614902654178191066e-02
-4.032640029803166160e-01
-1.078273719520334625e-03
3.128940857694441358e-02
-2.619579446605707074e-01
1.623898216255972582e-01
-3.366102267919104385e-01
-9.143414271909261481e-02
7.012475304356881323e-02
-1.977576569643857973e-01
3.816081343920276758e-01
2.068469154776756691e-01
2.496927630832253830e-01
8.096910379711723393e-02
-1.631761514407044922e-01
3.684831576462736097e-02
-2.612124549529368789e-01
2.760303433239983950e-01
-2.015593081460131247e-02
-5.256533883794044515e-01
-4.442330644541808149e-01
-3.042151920146220490e-01
-2.126611584022102541e-01
4.403444742163155623e-01
7.511506947404927859e-02
2.501800654780103050e-01
-3.919157093245868584e-01
-1.985627729435902322e-01
3.496893048049222463e-02
4.862760171411120366e-03
3.249862414630018126e-01
-1.736977146839414898e-01
-1.284193058786196537e-02
-1.561902044691308167e-01
2.432619864840121493e-01
2.543326408256592064e-01
1.487950975104315558e-02
3.049300657725639851e-01
5.811484284140790851e-02
-7.259575151372917035e-02
-1.030238609535018279e-01
-6.273950733988689632e-02
3.715177431337987057e-01
-2.659120707160537653e-02
2.492194752461479035e-01
1.040541927279655700e-02
1.568225320849647997e-01
-1.030047446246412507e-01
1.091327473489066974e-03
4.717245892768441584e-02
1.029488659580771598e-01
1.871250508847996374e-01
-4.664650388171930340e-01
1.686043430616011307e-01
2.251712946692300821e-01
2.102704790937594548e-01
7.593972083695259279e-02
1.583306021750150241e-02
2.214279506695744637e-01
1.312412219940932989e-01
1.696341854676743088e-01
-1.734496625233638428e-02
1.392954698836723904e-01
-2.769767788607071513e-01
-3.127869293814333762e-02
1.655827288174194223e-01
1.888175317933673825e-01
-4.822654410905984901e-01
-5.504661400187572662e-01
1.577921199175727485e-01
-2.215900925074822114e-01
-1.413940708787167766e-01
2.107286596189182348e-01
1.143263360989759531e-01
-1.963312765180597608e-01
3.444878524959978094e-02
6.236010425153620113e-02
-2.090930340553622813e-01
2.127857093076491179e-01
-2.750250964369723577e-02
9.278783734404442984e-02
-2.294741941103865812e-01
2.338078093903282473e-01
3.508209279180786178e-01
2.285097808690103593e-01
-1.610960692229441438e-01
-4.913018767583039459e-01
-4.663690490934319088e-02
1.364720583043608493e-01
-5.023052171493630480e-01
-1.400477182398941478e-01
5.403462787216669616e-01
2.757551814086730557e-01
7.640609834411414558e-02
3.478682143885817313e-01
-2.678164500763891009e-01
-4.940273458716702877e-03
-1.792492498203732409e-01
-2.680535029826245919e-01
-4.899955779451483640e-01
-3.422144209788821612e-01
6.877065932012121907e-01
2.840783451254281014e-02
2.724965887377720289e-02
-1.052645679478101531e-01
1.312766042097371008e-02
-2.812464812593206548e-02
4.943118927353881698e-01
-3.963404294831898711e-02
1.458754378876373492e-01
-1.568787235551874770e-01
9.020160964244254564e-02
7.433275003848988094e-02
6.283263476084091081e-01
2.591091214641470797e-02
1.504770996403707040e-01
-2.784702857663842179e-01
3.628241679383437113e-01
1.894922084599908740e-01
1.877751446626554632e-01
-2.800426125523393650e-01
2.446141265539176768e-01
2.379794902444812565e-01
-3.203117805835511422e-01
-2.938236283840691687e-01
2.045033168837362136e-01
3.591362123529562994e-02
-1.471961337145913651e-01
-3.356300184937627273e-01
4.170465363593965913e-01
-1.191737510620126221e-02
2.493539728854317350e-01
1.902595952991106287e-01
1.823622171070343398e-02
-1.349351373583887737e-01
-2.153590366255125343e-01
-1.017784219076728891e-01
3.149818894597337104e-01
2.535621165723047320e-03
4.548918910182254971e-02
-2.573365916689692723e-01
1.798320263493506654e-01
-2.408110679179547090e-02
-1.621534343611344131e-01
-2.067007026498218214e-01
2.162696790695503579e-01
-2.852111878022303704e-01
2.685887918115255624e-01
-3.103865176672013226e-01
-2.641906067764224209e-01
5.774971344998186540e-01
3.730189889161529271e-01
4.591513521374950696e-02
2.970001375702171487e-01
1.009228849654517923e-01
2.654836723134488818e-01
-3.179480911513899999e-01
-1.388210210297372849e-01
2.197590946531374212e-01
2.249689048293313232e-01
-1.674979461515959112e-01
2.396579614713080508e-01
5.138930562550623193e-01
2.936308366526182989e-01
4.124225443986990758e-01
3.672878858204548739e-03
1.680491723448243324e-01
7.800667022776933135e-02
2.487894933585077517e-01
-1.198499058372677339e-01
-1.656904627370781036e-01
1.342653841637842516e-01
-1.098458490007582777e-01
3.997519651122578843e-02
2.600323564765716355e-01
6.036888480758323405e-02
-1.998970701824974161e-01
3.423440529298521495e-01
2.723512267692064781e-01
-5.987231016870440958e-02
-5.767050326974230978e-02
-5.226395227442835051e-02
1.860264434435052461e-01
-9.046564531907883011e-02
4.616339963984246175e-01
-1.542830497334965467e-01
2.173376595074572593e-01
2.602635765419475944e-01
-2.421176288321089387e-01
-2.489374039500870939e-01
